----------------------------------------------------------------

Información sobre la simulación:

----------------------------------------------------------------

Tamaño de la red:
32x32

----------------------------------------------------------------

Temperatura:
3

----------------------------------------------------------------

Configuración inicial:
-1 1 1 1 -1 1 1 1 -1 -1 -1 1 1 -1 -1 -1 -1 1 -1 -1 -1 -1 1 -1 1 -1 1 1 -1 1 1 -1
1 1 1 1 -1 1 -1 -1 1 1 -1 -1 1 1 1 1 1 1 -1 1 1 -1 -1 1 1 1 -1 -1 -1 -1 -1 1
1 1 -1 1 1 1 -1 -1 1 -1 -1 1 1 -1 1 1 -1 -1 -1 1 -1 -1 1 -1 1 1 1 -1 1 1 -1 1
1 -1 -1 1 1 -1 -1 -1 1 -1 1 -1 1 1 1 -1 1 -1 -1 -1 -1 1 -1 -1 -1 -1 -1 1 -1 -1 -1 1
-1 -1 -1 1 1 -1 1 -1 1 1 1 1 -1 -1 -1 -1 -1 1 1 -1 1 1 -1 1 -1 1 -1 -1 -1 1 -1 -1
-1 -1 -1 -1 1 -1 -1 -1 -1 1 -1 1 1 -1 1 -1 1 1 -1 1 1 -1 1 1 1 -1 1 1 -1 1 1 1
-1 -1 -1 -1 -1 -1 1 1 1 -1 -1 1 1 1 1 1 1 1 -1 1 -1 1 -1 1 1 -1 1 1 1 -1 1 -1
-1 1 1 -1 -1 1 1 -1 -1 1 1 -1 1 1 1 1 1 1 -1 -1 -1 1 -1 -1 1 -1 -1 -1 1 1 -1 -1
1 1 1 1 1 1 -1 1 -1 1 1 1 1 -1 1 -1 1 -1 -1 1 1 1 -1 1 1 1 -1 -1 -1 -1 -1 -1
1 -1 1 -1 1 -1 -1 1 1 1 -1 1 1 1 -1 -1 1 1 1 1 -1 -1 -1 1 1 -1 1 1 1 -1 1 1
-1 -1 1 1 -1 -1 -1 -1 -1 -1 1 -1 -1 1 1 -1 1 1 -1 -1 -1 1 -1 1 1 -1 -1 -1 1 -1 1 -1
1 -1 1 1 -1 -1 1 -1 -1 1 1 -1 1 1 -1 -1 1 1 1 -1 -1 -1 1 -1 1 -1 -1 1 -1 -1 -1 1
-1 1 1 1 -1 -1 1 1 1 1 1 -1 -1 1 1 -1 1 -1 -1 -1 -1 -1 -1 -1 1 1 -1 -1 1 1 1 -1
-1 -1 1 -1 1 1 -1 1 -1 1 -1 1 -1 -1 -1 1 1 1 -1 1 1 -1 1 -1 -1 1 -1 1 -1 -1 1 -1
1 -1 1 -1 -1 1 1 1 -1 -1 1 1 1 1 1 -1 -1 1 1 -1 1 1 1 -1 -1 1 -1 1 1 -1 1 1
-1 1 1 -1 -1 1 1 -1 1 -1 1 -1 -1 -1 1 1 1 1 -1 1 -1 1 -1 1 1 -1 -1 1 1 -1 -1 -1
1 -1 -1 1 -1 -1 -1 -1 -1 -1 1 -1 1 -1 -1 -1 1 -1 -1 1 -1 1 1 1 1 -1 1 1 -1 1 1 -1
-1 -1 -1 -1 1 1 -1 -1 -1 1 1 -1 1 -1 -1 -1 -1 1 -1 1 -1 1 1 1 1 -1 -1 -1 -1 1 -1 1
-1 -1 -1 -1 -1 -1 1 1 1 -1 -1 -1 1 -1 -1 -1 1 -1 1 -1 -1 1 1 1 -1 1 1 1 1 1 -1 -1
-1 1 1 1 1 1 1 -1 1 1 1 -1 1 -1 -1 -1 1 -1 1 1 1 -1 -1 -1 -1 1 1 -1 1 -1 1 -1
1 -1 1 -1 -1 -1 1 1 -1 1 -1 -1 -1 1 -1 -1 -1 1 1 1 -1 -1 1 1 -1 -1 1 1 -1 1 1 1
-1 1 -1 -1 -1 -1 1 -1 -1 1 1 -1 -1 1 -1 -1 -1 -1 1 1 -1 -1 1 1 -1 1 -1 1 1 1 -1 -1
1 -1 1 1 -1 -1 -1 1 -1 1 1 1 1 1 1 -1 -1 -1 1 -1 1 1 1 1 -1 -1 -1 1 -1 1 -1 -1
-1 -1 -1 1 1 1 1 1 -1 -1 -1 1 1 -1 -1 1 1 1 -1 -1 -1 1 -1 -1 -1 -1 -1 -1 1 -1 -1 -1
-1 -1 -1 -1 1 1 -1 1 1 -1 1 1 1 -1 -1 1 -1 1 -1 1 1 -1 1 1 1 -1 -1 1 1 -1 1 1
-1 1 -1 -1 -1 -1 -1 1 1 -1 -1 1 1 1 -1 1 -1 1 -1 1 -1 -1 -1 -1 -1 1 -1 1 1 -1 -1 -1
1 1 -1 -1 1 -1 1 -1 1 1 1 1 1 1 -1 -1 1 -1 -1 1 -1 -1 1 -1 -1 -1 -1 1 -1 1 1 -1
-1 -1 1 1 1 1 -1 -1 1 -1 1 1 -1 -1 -1 -1 1 -1 1 -1 1 1 1 -1 1 1 1 -1 1 -1 -1 1
-1 1 -1 -1 -1 -1 -1 1 1 1 1 -1 -1 -1 1 1 1 1 1 1 1 1 -1 1 1 1 1 1 -1 1 1 -1
1 1 -1 -1 1 -1 -1 1 -1 1 1 1 1 -1 -1 -1 1 1 -1 1 -1 1 -1 1 -1 -1 -1 -1 1 -1 -1 -1
1 -1 1 -1 -1 -1 -1 -1 1 -1 -1 1 1 -1 -1 -1 -1 -1 1 1 1 1 1 1 -1 -1 1 -1 -1 1 1 1
1 -1 -1 -1 -1 1 1 -1 -1 1 -1 -1 1 -1 1 1 -1 1 -1 -1 -1 -1 -1 -1 -1 1 1 -1 1 -1 1 -1

----------------------------------------------------------------

Número de pasos para llegar al equilibrio:
19

----------------------------------------------------------------

Tiempo necesario para llegar al equilibrio:
0.17607545852661133 segundos

----------------------------------------------------------------

Tiempo de animación:
0.6621749401092529 segundos

----------------------------------------------------------------
