----------------------------------------------------------------

Información sobre la simulación:

----------------------------------------------------------------

Tamaño de la red:
32x32

----------------------------------------------------------------

Temperatura:
0.5

----------------------------------------------------------------

Configuración inicial:
1 -1 1 1 -1 -1 -1 1 -1 1 1 1 1 -1 1 1 1 -1 -1 1 -1 1 1 -1 -1 1 1 1 -1 -1 1 -1
-1 1 -1 -1 1 1 1 1 1 -1 -1 -1 -1 1 -1 -1 1 1 -1 -1 1 -1 -1 1 1 -1 1 -1 -1 -1 1 1
-1 -1 1 1 1 1 -1 1 1 -1 1 1 1 -1 1 -1 1 1 -1 1 1 -1 -1 -1 -1 -1 1 -1 -1 1 1 1
-1 -1 1 1 -1 -1 1 1 -1 1 1 1 1 1 -1 -1 1 -1 1 -1 -1 -1 1 -1 -1 -1 -1 -1 -1 1 -1 1
1 -1 -1 1 1 -1 -1 -1 1 1 -1 1 -1 -1 -1 -1 -1 1 1 -1 1 1 1 1 1 1 1 1 1 1 1 -1
1 1 -1 -1 -1 -1 -1 1 1 1 -1 1 -1 1 1 -1 1 -1 1 1 1 -1 -1 1 1 -1 -1 1 1 -1 -1 1
1 -1 1 1 1 1 1 -1 -1 1 -1 1 -1 1 1 1 -1 1 -1 -1 1 -1 1 -1 -1 1 -1 1 1 -1 -1 -1
1 -1 1 1 1 -1 -1 -1 -1 1 -1 1 -1 -1 -1 -1 1 1 1 1 1 1 1 1 1 -1 1 1 1 1 -1 1
-1 1 1 1 -1 -1 -1 1 1 1 -1 -1 1 -1 1 -1 -1 1 1 1 -1 -1 1 1 1 1 1 1 -1 -1 1 1
-1 1 1 1 1 -1 1 1 -1 -1 1 1 1 -1 1 1 1 1 -1 1 -1 1 -1 1 -1 1 -1 1 -1 -1 1 -1
1 -1 -1 1 -1 -1 1 1 1 -1 1 1 -1 1 1 -1 1 1 -1 -1 -1 1 -1 -1 -1 1 -1 -1 -1 1 -1 1
1 1 1 1 -1 -1 1 -1 -1 1 1 -1 1 -1 1 1 -1 -1 -1 -1 1 -1 -1 -1 1 1 -1 -1 -1 -1 1 -1
1 1 -1 -1 -1 -1 1 -1 -1 1 1 1 1 -1 -1 1 -1 1 -1 1 -1 1 1 -1 -1 -1 1 1 -1 -1 1 1
-1 1 -1 -1 -1 1 1 1 1 -1 1 1 1 -1 -1 -1 -1 1 -1 -1 -1 -1 -1 -1 1 -1 -1 -1 -1 -1 -1 1
1 1 -1 -1 1 -1 -1 -1 1 -1 1 -1 1 -1 -1 -1 1 -1 1 -1 -1 1 -1 -1 -1 -1 1 -1 1 1 1 -1
1 -1 -1 -1 -1 1 -1 -1 1 -1 1 1 -1 1 1 1 -1 1 1 1 1 -1 1 -1 -1 -1 1 1 1 1 -1 -1
1 1 1 -1 1 -1 -1 -1 -1 -1 -1 -1 1 -1 1 1 1 1 -1 -1 -1 1 1 -1 1 -1 1 1 -1 1 1 -1
-1 1 -1 -1 1 -1 -1 -1 -1 1 -1 -1 1 1 1 1 -1 1 1 1 1 -1 -1 -1 1 1 1 -1 -1 1 -1 1
-1 1 -1 -1 -1 -1 -1 1 -1 1 -1 1 1 1 -1 1 1 -1 1 1 1 1 -1 -1 1 1 1 -1 -1 -1 1 1
1 1 -1 -1 -1 1 1 -1 1 1 1 -1 1 -1 -1 1 1 1 -1 1 1 1 -1 1 1 1 -1 -1 -1 -1 -1 1
-1 1 -1 -1 1 -1 1 -1 -1 1 -1 1 1 1 -1 -1 1 1 1 -1 1 -1 -1 -1 1 -1 -1 1 -1 1 -1 -1
1 -1 -1 1 -1 -1 -1 -1 1 -1 1 -1 -1 -1 -1 -1 -1 -1 -1 1 1 1 -1 -1 1 1 -1 -1 1 1 -1 1
-1 1 1 -1 -1 1 -1 1 -1 1 1 1 1 1 1 1 1 -1 1 1 -1 -1 -1 -1 -1 -1 1 -1 -1 -1 1 -1
1 -1 -1 1 1 1 1 -1 -1 -1 -1 -1 -1 1 1 1 1 -1 1 -1 1 1 1 1 1 1 -1 1 -1 -1 1 -1
1 1 1 -1 -1 -1 1 -1 -1 1 1 -1 1 1 -1 -1 -1 -1 -1 1 1 -1 -1 -1 -1 1 1 -1 1 -1 -1 -1
1 1 1 1 -1 -1 -1 1 1 1 -1 1 -1 -1 -1 -1 1 -1 -1 1 -1 1 -1 1 1 1 1 1 -1 1 -1 -1
1 -1 1 1 -1 -1 -1 1 1 -1 -1 -1 1 -1 1 1 -1 1 1 -1 1 -1 -1 -1 1 -1 1 -1 1 -1 1 1
-1 -1 -1 -1 -1 1 -1 1 -1 1 1 1 -1 1 1 -1 1 1 1 -1 -1 -1 1 1 -1 -1 1 -1 1 1 -1 -1
1 -1 -1 -1 1 -1 1 1 -1 1 1 1 1 1 -1 1 1 -1 -1 1 1 1 1 -1 -1 -1 -1 -1 -1 -1 -1 1
1 1 1 1 1 -1 -1 1 -1 -1 -1 1 -1 -1 1 1 1 -1 1 -1 1 -1 -1 -1 -1 1 1 -1 -1 1 -1 1
1 -1 1 -1 1 1 -1 1 -1 -1 1 1 1 -1 -1 1 -1 -1 1 1 -1 1 1 -1 -1 1 -1 -1 -1 1 1 -1
-1 1 -1 1 -1 1 1 -1 -1 -1 -1 1 -1 -1 1 1 -1 1 -1 1 1 1 1 1 1 -1 1 1 1 1 -1 -1

----------------------------------------------------------------

Número de pasos para llegar al equilibrio:
17

----------------------------------------------------------------

Tiempo necesario para llegar al equilibrio:
0.22609925270080566 segundos

----------------------------------------------------------------

Tiempo de animación:
0.5783677101135254 segundos

----------------------------------------------------------------
