-2.854873541229770995e-01
-2.723250897020899064e-01
-2.588029072925528418e-01
-2.449005684966339136e-01
-2.305960783869528685e-01
-2.158654761649359544e-01
-2.006825936726076565e-01
-1.850187756457553900e-01
-1.688425541962784715e-01
-1.521192682322614620e-01
-1.348106162465048108e-01
-1.168741279650083315e-01
-9.826253652204534894e-02
-7.892302780592559686e-02
-5.879633696025445694e-02
-3.781565310373172922e-02
-1.590528124410185012e-02
7.021006213791779194e-03
3.106201899631438196e-02
5.633172261438743750e-02
8.296250569368174288e-02
1.111093781890399868e-01
1.409554380740061785e-01
1.727190961713569173e-01
2.066637845749490221e-01
2.431112492997311858e-01
2.824601425573732838e-01
3.252126715349625274e-01
3.720138939013351020e-01
4.237116246270446474e-01
4.814514641867477796e-01
5.468349791435132001e-01
6.221992288404455396e-01
7.111499411685855421e-01
8.196871110820878048e-01
9.589451917451713436e-01
1.153494197624347573e+00
1.478795301097854287e+00
2.797557847435689027e+00
0.000000000000000000e+00
0.000000000000000000e+00
0.000000000000000000e+00
0.000000000000000000e+00
0.000000000000000000e+00
0.000000000000000000e+00
0.000000000000000000e+00
0.000000000000000000e+00
0.000000000000000000e+00
0.000000000000000000e+00
0.000000000000000000e+00
0.000000000000000000e+00
0.000000000000000000e+00
0.000000000000000000e+00
0.000000000000000000e+00
0.000000000000000000e+00
0.000000000000000000e+00
0.000000000000000000e+00
0.000000000000000000e+00
0.000000000000000000e+00
0.000000000000000000e+00
0.000000000000000000e+00
0.000000000000000000e+00
0.000000000000000000e+00
0.000000000000000000e+00
0.000000000000000000e+00
0.000000000000000000e+00
0.000000000000000000e+00
0.000000000000000000e+00
0.000000000000000000e+00
0.000000000000000000e+00
0.000000000000000000e+00
0.000000000000000000e+00
0.000000000000000000e+00
0.000000000000000000e+00
0.000000000000000000e+00
0.000000000000000000e+00
0.000000000000000000e+00
0.000000000000000000e+00
0.000000000000000000e+00
0.000000000000000000e+00
0.000000000000000000e+00
0.000000000000000000e+00
0.000000000000000000e+00
0.000000000000000000e+00
0.000000000000000000e+00
0.000000000000000000e+00
0.000000000000000000e+00
0.000000000000000000e+00
0.000000000000000000e+00
0.000000000000000000e+00
0.000000000000000000e+00
0.000000000000000000e+00
0.000000000000000000e+00
0.000000000000000000e+00
0.000000000000000000e+00
0.000000000000000000e+00
0.000000000000000000e+00
0.000000000000000000e+00
0.000000000000000000e+00
0.000000000000000000e+00
