8.827530210055002380e-01
8.807502317714395179e-01
8.787636301925034754e-01
8.767930751050421190e-01
8.748384171456231595e-01
8.728994999779916553e-01
8.709761613943375336e-01
8.690682343028058865e-01
8.671755476120949213e-01
8.652979270229863573e-01
8.634351957357482288e-01
8.615871750815137231e-01
8.597536850849861745e-01
8.579345449651318845e-01
8.561295735798960527e-01
8.543385898204088891e-01
8.525614129596322810e-01
8.507978629599289855e-01
8.490477607436107688e-01
8.473109284301375554e-01
8.455871895432898189e-01
8.438763691913190312e-01
8.421782942227955537e-01
8.404927933606120005e-01
8.388196973163676295e-01
8.371588388871427089e-01
8.355100530364801825e-01
8.338731769612215405e-01
8.322480501456771540e-01
8.306345144044765538e-01
8.290324139153103511e-01
8.274415952426583676e-01
8.258619073534945176e-01
8.242932016258608385e-01
8.227353318511170244e-01
8.211881542305931037e-01
8.196515273673018465e-01
8.181253122533027611e-01
8.166093722532506982e-01
8.151035730846105665e-01
8.136077827949710350e-01
8.121218717368455797e-01
8.106457125403140340e-01
8.091791800838159521e-01
8.077221514633836641e-01
8.062745059605638254e-01
8.048361250092591623e-01
8.034068921616921433e-01
8.019866930536742045e-01
8.005754153693428465e-01
7.991729488055125952e-01
7.977791850357691672e-01
7.963940176744214172e-01
7.950173422404146484e-01
7.936490561212944383e-01
7.922890585373022487e-01
7.909372505056705416e-01
7.895935348051833502e-01
7.882578159410513763e-01
7.869300001101524611e-01
7.856099951666757342e-01
7.842977105882049660e-01
7.829930574422714340e-01
7.816959483534002828e-01
7.804062974706723610e-01
7.791240204358191868e-01
7.778490343518627004e-01
7.765812577523144578e-01
7.753206105709401497e-01
7.740670141120944425e-01
7.728203910216334682e-01
7.715806652584045189e-01
7.703477620663127245e-01
7.691216079469660460e-01
7.679021306328931429e-01
7.666892590613333391e-01
7.654829233485916928e-01
7.642830547649548389e-01
7.630895857101621660e-01
7.619024496894227783e-01
7.607215812899736918e-01
7.595469161581697159e-01
7.583783909770958065e-01
7.572159434446966708e-01
7.560595122524093048e-01
7.549090370642944636e-01
7.537644584966544103e-01
7.526257180981286155e-01
7.514927583302575265e-01
7.503655225485046376e-01
7.492439549837283108e-01
7.481280007240912466e-01
7.470176056974007217e-01
7.459127166538684905e-01
7.448132811492800265e-01
7.437192475285662185e-01
7.426305649097656447e-01
7.415471831683694282e-01
7.404690529220394613e-01
7.393961255156911161e-01
