6.878878481545612766e-01
6.832164247916312494e-01
6.786036993044907151e-01
6.740487898324645233e-01
6.695508079133088986e-01
6.651088615077317412e-01
6.607220576539847290e-01
6.563895047913250735e-01
6.521103147872975292e-01
6.478836047002920484e-01
6.437084983056816645e-01
6.395841274109821395e-01
6.355096329828996415e-01
6.314841661068002487e-01
6.275068887970463027e-01
6.235769746747372722e-01
6.196936095277062462e-01
6.158559917660761940e-01
6.120633327853077787e-01
6.083148572474267324e-01
6.046098032900043551e-01
6.009474226714612843e-01
5.973269808603620667e-01
5.937477570755625988e-01
5.902090442833414219e-01
5.867101491569952643e-01
5.832503920037925838e-01
5.798291066636543922e-01
5.764456403834573583e-01
5.730993536704310776e-01
5.697896201277456996e-01
5.665158262750371598e-01
5.632773713563219431e-01
5.600736671374693110e-01
5.569041376951624489e-01
5.537682191990523917e-01
5.506653596886174062e-01
5.475950188460613210e-01
5.445566677664237520e-01
5.415497887259410614e-01
5.385738749495618816e-01
5.356284303784127898e-01
5.327129694379102443e-01
5.298270168071149699e-01
5.269701071898594824e-01
5.241417850880927265e-01
5.213416045778300756e-01
5.185691290880373172e-01
5.158239311827259588e-01
5.131055923464933333e-01
5.104137027736977972e-01
5.077478611614277826e-01
5.051076745063872719e-01
5.024927579057959504e-01
4.999027343623759223e-01
4.973372345934744532e-01
4.947958968443535444e-01
4.922783667056635504e-01
4.897842969350940656e-01
4.873133472831955859e-01
4.848651843233433567e-01
4.824394812858075476e-01
4.800359178958936157e-01
4.776541802160947370e-01
4.752939604922069572e-01
4.729549570033433903e-01
4.706368739157811287e-01
4.683394211405750296e-01
4.660623141948650461e-01
4.638052740668015539e-01
4.615680270840168964e-01
4.593503047855629906e-01
4.571518437972387217e-01
4.549723857102285218e-01
4.528116769629729199e-01
4.506694687261942334e-01
4.485455167909981888e-01
4.464395814599735335e-01
4.443514274412143084e-01
4.422808237451875124e-01
4.402275435843713836e-01
4.381913642755915217e-01
4.361720671449796916e-01
4.341694374354881369e-01
4.321832642168839667e-01
4.302133402981598298e-01
4.282594621422913250e-01
4.263214297832755295e-01
4.243990467453871984e-01
4.224921199645881309e-01
4.206004597120329702e-01
4.187238795196049912e-01
4.168621961074296944e-01
4.150152293133078651e-01
4.131828020240094212e-01
4.113647401083806998e-01
4.095608723522076167e-01
4.077710303947862935e-01
4.059950486671520808e-01
4.042327643319177932e-01
