-6.533475786837333876e-01
-6.067712196103641764e-01
-5.616163995695959699e-01
-5.177774631891092216e-01
-4.751530825607255260e-01
-4.336456305453141313e-01
-3.931605640673873081e-01
-3.536058079946762800e-01
-3.148911293222375618e-01
-2.769274901007624523e-01
-2.396263657588598439e-01
-2.028990130211208720e-01
-1.666556683109287340e-01
-1.308046530580693478e-01
-9.525135629375250379e-02
-5.989705671856381669e-02
-2.463753521574930244e-02
1.063858670491888564e-02
4.605186868397442151e-02
8.173455028857570803e-02
1.178336875695985692e-01
1.545151524562005108e-01
1.919688156850035132e-01
2.304153792359895370e-01
2.701155500609458970e-01
3.113826071003348850e-01
3.546000052458229690e-01
4.002466646870374012e-01
4.489343671270543124e-01
5.014649517028670900e-01
5.589213647617182756e-01
6.228197909188453174e-01
6.953795543855774142e-01
7.800400528241272502e-01
8.825567125822252335e-01
1.013680800615187394e+00
1.197315333268895721e+00
1.507503568739311017e+00
2.801281173437543792e+00
0.000000000000000000e+00
0.000000000000000000e+00
0.000000000000000000e+00
0.000000000000000000e+00
0.000000000000000000e+00
0.000000000000000000e+00
0.000000000000000000e+00
0.000000000000000000e+00
0.000000000000000000e+00
0.000000000000000000e+00
0.000000000000000000e+00
0.000000000000000000e+00
0.000000000000000000e+00
0.000000000000000000e+00
0.000000000000000000e+00
0.000000000000000000e+00
0.000000000000000000e+00
0.000000000000000000e+00
0.000000000000000000e+00
0.000000000000000000e+00
0.000000000000000000e+00
0.000000000000000000e+00
0.000000000000000000e+00
0.000000000000000000e+00
0.000000000000000000e+00
0.000000000000000000e+00
0.000000000000000000e+00
0.000000000000000000e+00
0.000000000000000000e+00
0.000000000000000000e+00
0.000000000000000000e+00
0.000000000000000000e+00
0.000000000000000000e+00
0.000000000000000000e+00
0.000000000000000000e+00
0.000000000000000000e+00
0.000000000000000000e+00
0.000000000000000000e+00
0.000000000000000000e+00
0.000000000000000000e+00
0.000000000000000000e+00
0.000000000000000000e+00
0.000000000000000000e+00
0.000000000000000000e+00
0.000000000000000000e+00
0.000000000000000000e+00
0.000000000000000000e+00
0.000000000000000000e+00
0.000000000000000000e+00
0.000000000000000000e+00
0.000000000000000000e+00
0.000000000000000000e+00
0.000000000000000000e+00
0.000000000000000000e+00
0.000000000000000000e+00
0.000000000000000000e+00
0.000000000000000000e+00
0.000000000000000000e+00
0.000000000000000000e+00
0.000000000000000000e+00
0.000000000000000000e+00
