-1.827193129084903722e+00
-1.844389534622245419e+00
-1.861719179143505487e+00
-1.879181004851085746e+00
-1.896773927050996011e+00
-1.914496837930718121e+00
-1.932348610033524317e+00
-1.950328099449754937e+00
-1.968434148744557577e+00
-1.986665589640570939e+00
-2.005021245473006086e+00
-2.023499933433566600e+00
-2.042100466618661514e+00
-2.060821655896401872e+00
-2.079662311605926739e+00
-2.098621245101744748e+00
-2.117697270154898614e+00
-2.136889204221967375e+00
-2.156195869592156367e+00
-2.175616094421995772e+00
-2.195148713666503326e+00
-2.214792569915007281e+00
-2.234546514139250206e+00
-2.254409406360825763e+00
-2.274380116244461902e+00
-2.294457523623213202e+00
-2.314640518961131210e+00
-2.334928003758583781e+00
-2.355318890904990248e+00
-2.375812104983389794e+00
-2.396406582530892226e+00
-2.417101272258777911e+00
-2.437895135235704558e+00
-2.458787145037209854e+00
-2.479776287864460027e+00
-2.500861562634947077e+00
-2.522041981047643322e+00
-2.543316567624903435e+00
-2.564684359733241603e+00
-2.586144407584922700e+00
-2.607695774222179796e+00
-2.629337535485687827e+00
-2.651068779968823730e+00
-2.672888608959104406e+00
-2.694796136368092565e+00
-2.716790488650931312e+00
-2.738870804716606155e+00
-2.761036235829928742e+00
-2.783285945506133618e+00
-2.805619109398952649e+00
-2.828034915182908726e+00
-2.850532562430554417e+00
-2.873111262485279482e+00
-2.895770238330291235e+00
-2.918508724454302428e+00
-2.941325966714419593e+00
-2.964221222196681715e+00
-2.987193759074670663e+00
-3.010242856466555317e+00
-3.033367804290926006e+00
-3.056567903121718111e+00
-3.079842464042526817e+00
-3.103190808500554176e+00
-3.126612268160430030e+00
-3.150106184758128425e+00
-3.173671909955159798e+00
-3.197308805193212589e+00
-3.221016241549421455e+00
-3.244793599592376232e+00
-3.268640269239021734e+00
-3.292555649612546986e+00
-3.316539148901381129e+00
-3.340590184219370595e+00
-3.364708181467231718e+00
-3.388892575195345369e+00
-3.413142808467954037e+00
-3.437458332728819066e+00
-3.461838607668392687e+00
-3.486283101092529257e+00
-3.510791288792786791e+00
-3.535362654418350736e+00
-3.559996689349576471e+00
-3.584692892573210443e+00
-3.609450770559285537e+00
-3.634269837139687098e+00
-3.659149613388436695e+00
-3.684089627503662534e+00
-3.709089414691283171e+00
-3.734148517050381422e+00
-3.759266483460312447e+00
-3.784442869469456294e+00
-3.809677237185717935e+00
-3.834969155168669985e+00
-3.860318198323382965e+00
-3.885723947795921784e+00
-3.911185990870474249e+00
-3.936703920868136031e+00
-3.962277337047298786e+00
-3.987905844505652109e+00
-4.013589054083773533e+00
