----------------------------------------------------------------

Información sobre la simulación:

----------------------------------------------------------------

Tamaño de la red:
16x16

----------------------------------------------------------------

Temperatura:
5

----------------------------------------------------------------

Configuración inicial:
-1 -1 -1 1 1 -1 -1 -1 1 1 1 1 -1 -1 1 -1
-1 -1 -1 1 1 -1 -1 -1 1 1 1 1 1 1 -1 -1
1 -1 -1 1 1 1 -1 1 -1 -1 -1 -1 -1 1 -1 -1
1 1 -1 1 1 -1 1 -1 1 1 1 1 -1 -1 1 1
1 -1 1 1 1 -1 -1 -1 1 1 1 1 1 -1 -1 -1
-1 1 1 -1 -1 -1 -1 1 -1 1 -1 -1 1 1 1 -1
1 -1 1 1 1 1 1 -1 -1 -1 1 -1 1 -1 -1 -1
1 1 1 1 -1 -1 1 -1 -1 1 -1 1 1 1 1 -1
-1 -1 1 1 -1 1 1 -1 1 -1 -1 1 1 -1 1 -1
-1 1 -1 1 -1 -1 -1 -1 1 -1 -1 1 -1 1 1 1
1 -1 -1 -1 1 -1 1 -1 1 1 -1 1 -1 1 1 1
-1 -1 1 1 1 -1 -1 -1 1 -1 1 1 1 1 -1 -1
-1 -1 1 1 1 -1 -1 1 -1 1 -1 -1 1 -1 1 -1
1 1 -1 1 -1 -1 1 1 -1 1 -1 -1 1 -1 1 -1
1 -1 -1 -1 1 1 -1 -1 -1 1 -1 1 -1 1 1 1
-1 -1 -1 -1 -1 1 1 1 -1 -1 1 1 -1 -1 1 1

----------------------------------------------------------------

Número de pasos para llegar al equilibrio:
26

----------------------------------------------------------------

Tiempo necesario para llegar al equilibrio:
0.06604957580566406 segundos

----------------------------------------------------------------

Tiempo de animación:
0.8508899211883545 segundos

----------------------------------------------------------------
