----------------------------------------------------------------

Información sobre la simulación:

----------------------------------------------------------------

Tamaño de la red:
16x16

----------------------------------------------------------------

Temperatura:
0.5

----------------------------------------------------------------

Configuración inicial:
1 1 -1 -1 1 -1 1 1 -1 -1 -1 -1 1 1 1 1
1 -1 -1 -1 1 -1 1 -1 1 1 1 1 1 -1 -1 -1
-1 1 -1 1 1 -1 -1 -1 -1 -1 -1 -1 -1 1 1 -1
1 -1 1 1 1 -1 -1 1 1 1 1 1 1 -1 -1 1
-1 -1 1 -1 -1 -1 1 1 1 1 1 1 -1 -1 -1 1
1 1 -1 -1 1 -1 -1 -1 1 -1 -1 1 1 1 1 -1
1 1 1 1 -1 1 1 1 -1 -1 1 1 1 1 -1 -1
-1 1 1 1 1 1 1 -1 -1 1 1 -1 -1 1 -1 -1
1 1 -1 -1 1 1 1 1 -1 -1 -1 -1 -1 -1 1 -1
-1 1 1 1 -1 -1 1 -1 1 -1 -1 1 -1 1 1 -1
1 -1 -1 -1 1 1 -1 -1 -1 -1 -1 1 1 1 1 1
-1 -1 1 1 -1 1 -1 -1 1 1 -1 -1 -1 1 -1 -1
1 -1 -1 1 1 1 1 1 1 1 -1 1 1 1 1 -1
1 -1 -1 -1 -1 1 1 -1 1 -1 -1 1 -1 -1 1 1
1 -1 -1 -1 -1 1 -1 -1 -1 1 1 -1 1 -1 -1 1
1 -1 -1 -1 -1 1 1 1 1 1 1 1 -1 1 1 1

----------------------------------------------------------------

Número de pasos para llegar al equilibrio:
9

----------------------------------------------------------------

Tiempo necesario para llegar al equilibrio:
0.020287275314331055 segundos

----------------------------------------------------------------

Tiempo de animación:
0.4058194160461426 segundos

----------------------------------------------------------------
