----------------------------------------------------------------

Información sobre la simulación:

----------------------------------------------------------------

Tamaño de la red:
16x16

----------------------------------------------------------------

Temperatura:
3

----------------------------------------------------------------

Configuración inicial:
-1 -1 -1 -1 -1 1 1 1 1 1 -1 -1 1 1 1 1
1 -1 -1 1 -1 -1 -1 1 -1 -1 -1 -1 1 -1 -1 1
1 -1 1 -1 -1 1 1 -1 -1 1 1 -1 1 1 1 1
1 1 1 1 1 -1 -1 -1 -1 -1 -1 -1 -1 -1 1 1
-1 1 1 -1 1 1 -1 -1 -1 -1 -1 -1 1 -1 1 -1
1 -1 1 -1 -1 -1 -1 -1 1 -1 1 -1 1 -1 1 1
-1 1 -1 1 1 1 1 -1 -1 -1 -1 -1 1 -1 1 -1
1 1 1 1 -1 -1 1 -1 -1 1 1 1 -1 1 -1 -1
1 1 -1 -1 -1 1 -1 -1 1 1 1 1 1 -1 1 -1
-1 1 1 1 -1 1 1 -1 -1 -1 -1 1 -1 1 1 1
-1 1 1 1 -1 -1 1 1 1 -1 1 1 1 -1 1 -1
-1 -1 1 -1 -1 -1 -1 1 -1 -1 -1 -1 1 1 -1 1
-1 1 -1 -1 1 1 -1 -1 1 -1 1 -1 -1 -1 -1 -1
-1 -1 -1 1 -1 -1 1 1 -1 1 -1 -1 1 1 -1 -1
1 1 -1 -1 1 1 1 -1 1 -1 1 -1 1 -1 1 1
-1 -1 1 -1 1 1 -1 1 -1 1 1 -1 1 -1 1 -1

----------------------------------------------------------------

Número de pasos para llegar al equilibrio:
7

----------------------------------------------------------------

Tiempo necesario para llegar al equilibrio:
0.015813589096069336 segundos

----------------------------------------------------------------

Tiempo de animación:
0.3595712184906006 segundos

----------------------------------------------------------------
