----------------------------------------------------------------

Onsager results information:

----------------------------------------------------------------

Used temperatures:
1.500000
1.520202
1.540404
1.560606
1.580808
1.601010
1.621212
1.641414
1.661616
1.681818
1.702020
1.722222
1.742424
1.762626
1.782828
1.803030
1.823232
1.843434
1.863636
1.883838
1.904040
1.924242
1.944444
1.964646
1.984848
2.005051
2.025253
2.045455
2.065657
2.085859
2.106061
2.126263
2.146465
2.166667
2.186869
2.207071
2.227273
2.247475
2.267677
2.287879
2.308081
2.328283
2.348485
2.368687
2.388889
2.409091
2.429293
2.449495
2.469697
2.489899
2.510101
2.530303
2.550505
2.570707
2.590909
2.611111
2.631313
2.651515
2.671717
2.691919
2.712121
2.732323
2.752525
2.772727
2.792929
2.813131
2.833333
2.853535
2.873737
2.893939
2.914141
2.934343
2.954545
2.974747
2.994949
3.015152
3.035354
3.055556
3.075758
3.095960
3.116162
3.136364
3.156566
3.176768
3.196970
3.217172
3.237374
3.257576
3.277778
3.297980
3.318182
3.338384
3.358586
3.378788
3.398990
3.419192
3.439394
3.459596
3.479798
3.500000

----------------------------------------------------------------

Onsager specific heat:
-0.285487
-0.272325
-0.258803
-0.244901
-0.230596
-0.215865
-0.200683
-0.185019
-0.168843
-0.152119
-0.134811
-0.116874
-0.098263
-0.078923
-0.058796
-0.037816
-0.015905
0.007021
0.031062
0.056332
0.082963
0.111109
0.140955
0.172719
0.206664
0.243111
0.282460
0.325213
0.372014
0.423712
0.481451
0.546835
0.622199
0.711150
0.819687
0.958945
1.153494
1.478795
2.797558
0.000000
0.000000
0.000000
0.000000
0.000000
0.000000
0.000000
0.000000
0.000000
0.000000
0.000000
0.000000
0.000000
0.000000
0.000000
0.000000
0.000000
0.000000
0.000000
0.000000
0.000000
0.000000
0.000000
0.000000
0.000000
0.000000
0.000000
0.000000
0.000000
0.000000
0.000000
0.000000
0.000000
0.000000
0.000000
0.000000
0.000000
0.000000
0.000000
0.000000
0.000000
0.000000
0.000000
0.000000
0.000000
0.000000
0.000000
0.000000
0.000000
0.000000
0.000000
0.000000
0.000000
0.000000
0.000000
0.000000
0.000000
0.000000
0.000000
0.000000
0.000000

----------------------------------------------------------------
