----------------------------------------------------------------

Información sobre la simulación:

----------------------------------------------------------------

Tamaño de la red:
64x64

----------------------------------------------------------------

Temperatura:
0.5

----------------------------------------------------------------

Configuración inicial:
-1 -1 1 -1 -1 -1 -1 -1 1 1 -1 -1 -1 -1 1 1 -1 -1 1 -1 -1 1 1 -1 -1 1 -1 1 -1 -1 1 1 1 -1 1 -1 1 -1 1 -1 -1 -1 -1 1 -1 1 -1 1 -1 -1 1 1 1 -1 -1 1 -1 1 1 -1 -1 -1 -1 -1
-1 -1 -1 1 1 1 1 -1 1 -1 1 -1 -1 1 -1 1 -1 -1 1 1 -1 1 1 1 1 -1 -1 1 -1 1 1 -1 -1 1 1 1 1 -1 -1 1 -1 -1 -1 -1 1 1 -1 -1 -1 1 1 -1 1 -1 1 -1 1 1 1 1 -1 -1 1 1
-1 1 -1 -1 1 1 -1 -1 -1 -1 1 -1 1 -1 -1 1 -1 1 -1 1 -1 1 1 1 1 -1 1 1 -1 -1 1 1 -1 1 1 -1 -1 -1 1 -1 1 -1 1 1 -1 -1 -1 -1 1 1 1 -1 1 1 -1 -1 1 -1 1 -1 1 1 1 -1
1 1 1 -1 -1 -1 1 -1 -1 -1 1 1 -1 1 -1 -1 -1 1 -1 1 1 1 1 -1 -1 -1 -1 1 -1 1 1 1 -1 1 -1 -1 1 -1 1 -1 1 -1 -1 -1 -1 -1 -1 -1 -1 -1 1 -1 1 1 1 1 -1 -1 -1 1 1 -1 -1 -1
1 1 -1 1 -1 1 1 1 -1 -1 -1 1 -1 -1 1 -1 1 1 1 -1 1 1 1 1 -1 -1 1 1 -1 1 -1 -1 -1 1 1 -1 -1 -1 -1 1 -1 -1 -1 -1 1 -1 -1 -1 1 -1 1 1 -1 1 -1 -1 -1 1 -1 -1 -1 -1 -1 1
1 1 1 -1 1 1 1 1 1 -1 1 -1 1 1 -1 1 -1 -1 -1 -1 -1 -1 -1 -1 1 1 1 -1 -1 -1 1 -1 -1 -1 -1 1 1 1 -1 1 1 1 1 -1 1 1 -1 -1 1 1 1 -1 1 1 -1 1 1 -1 1 1 -1 1 1 1
1 -1 1 1 1 -1 -1 1 -1 1 1 1 1 -1 1 -1 1 -1 -1 1 1 -1 1 -1 1 1 1 1 -1 1 -1 -1 -1 -1 -1 -1 -1 -1 1 1 -1 1 1 -1 -1 -1 1 1 1 -1 -1 1 -1 1 -1 1 1 1 1 1 -1 1 -1 1
-1 1 -1 1 -1 1 -1 1 -1 -1 1 1 -1 -1 -1 1 1 -1 -1 -1 -1 -1 -1 -1 -1 -1 -1 -1 1 -1 1 -1 -1 -1 -1 -1 1 -1 1 1 1 -1 1 -1 1 -1 -1 -1 -1 -1 -1 1 -1 1 1 -1 1 1 -1 -1 1 1 1 -1
1 1 1 1 1 1 -1 1 1 -1 -1 -1 -1 -1 -1 -1 1 1 -1 1 -1 1 -1 -1 -1 -1 1 1 1 1 1 1 1 -1 1 -1 -1 -1 1 1 1 -1 -1 -1 -1 1 1 1 -1 1 1 -1 1 -1 -1 -1 1 -1 -1 1 -1 -1 1 1
1 -1 1 1 -1 1 1 1 1 -1 1 -1 -1 -1 -1 1 -1 -1 -1 -1 -1 1 1 1 1 1 -1 -1 1 1 1 -1 -1 -1 1 -1 -1 -1 1 1 -1 -1 1 1 -1 -1 -1 -1 1 -1 1 -1 -1 -1 1 1 1 -1 1 -1 1 1 1 -1
1 1 -1 1 -1 -1 1 -1 1 1 1 1 1 -1 -1 1 1 1 -1 -1 -1 1 1 -1 -1 -1 1 -1 1 -1 1 1 -1 -1 -1 1 -1 1 1 -1 -1 -1 -1 1 1 1 1 -1 -1 -1 -1 -1 1 -1 1 -1 -1 1 -1 1 -1 -1 -1 -1
-1 -1 -1 -1 1 1 1 1 1 -1 -1 -1 -1 1 1 1 1 -1 1 -1 1 -1 -1 1 -1 -1 -1 1 1 -1 1 -1 1 1 1 -1 1 1 1 1 -1 1 1 1 -1 -1 -1 -1 -1 -1 -1 1 1 -1 1 1 -1 1 1 1 1 -1 -1 1
1 -1 1 1 -1 1 -1 1 -1 -1 1 1 1 -1 1 -1 1 -1 1 -1 -1 1 -1 -1 -1 -1 -1 1 1 1 1 1 1 -1 -1 1 -1 -1 -1 1 -1 1 1 1 -1 1 -1 1 -1 -1 1 1 -1 -1 1 -1 1 1 1 -1 -1 -1 1 -1
-1 -1 -1 1 1 1 -1 -1 -1 -1 -1 -1 -1 1 -1 -1 -1 1 1 1 -1 1 1 1 -1 -1 -1 -1 1 1 1 1 -1 -1 -1 -1 -1 -1 -1 1 1 1 1 -1 1 -1 -1 -1 1 -1 -1 -1 -1 -1 -1 -1 1 -1 1 -1 1 1 -1 1
-1 -1 1 -1 1 1 -1 -1 -1 1 1 -1 1 1 1 1 -1 -1 -1 1 1 1 -1 1 -1 -1 -1 -1 1 -1 -1 1 -1 1 1 1 1 -1 -1 1 1 -1 1 1 1 1 1 1 1 1 -1 -1 1 -1 1 -1 -1 -1 1 -1 1 1 1 -1
1 1 -1 1 1 -1 -1 -1 1 -1 1 -1 1 -1 1 -1 1 1 1 -1 -1 1 1 -1 -1 -1 -1 1 -1 1 -1 -1 1 1 -1 -1 -1 -1 1 -1 1 1 1 1 -1 1 1 -1 -1 -1 1 -1 -1 -1 1 1 1 -1 -1 1 -1 -1 1 1
1 -1 1 1 -1 -1 1 -1 1 1 -1 1 1 1 -1 -1 -1 -1 1 -1 1 1 1 1 1 -1 -1 1 1 1 1 -1 1 1 -1 -1 -1 1 1 -1 1 -1 -1 1 1 -1 -1 -1 1 1 1 1 1 -1 1 1 1 -1 1 1 -1 -1 -1 1
1 -1 1 1 -1 1 -1 1 -1 1 -1 1 1 -1 1 1 -1 1 1 -1 1 1 1 1 1 1 -1 1 1 1 1 1 1 1 1 -1 -1 1 -1 -1 1 1 -1 -1 -1 -1 -1 -1 1 1 -1 -1 -1 1 1 1 -1 -1 -1 -1 1 -1 -1 -1
1 -1 1 -1 -1 -1 -1 1 1 1 -1 1 1 -1 -1 1 1 -1 1 1 -1 1 1 1 -1 1 1 1 1 1 1 1 1 1 -1 1 1 -1 -1 -1 -1 1 -1 1 1 -1 -1 1 1 1 -1 -1 -1 1 1 1 -1 -1 1 -1 1 1 1 1
-1 -1 1 1 1 1 -1 1 1 1 -1 1 1 -1 -1 1 1 1 -1 1 1 1 1 -1 -1 -1 -1 -1 1 -1 -1 -1 1 -1 1 1 1 1 1 -1 1 1 1 1 1 -1 -1 -1 1 -1 -1 -1 1 -1 1 1 1 1 1 -1 -1 -1 1 1
1 1 1 -1 1 1 1 -1 1 -1 -1 1 -1 -1 -1 -1 -1 -1 -1 1 -1 1 1 -1 1 -1 1 -1 1 1 -1 -1 -1 1 -1 -1 -1 1 1 -1 1 -1 1 1 1 1 1 -1 -1 1 1 -1 1 1 1 -1 1 -1 -1 -1 1 1 1 -1
-1 1 1 1 -1 1 -1 -1 1 1 -1 -1 -1 1 1 -1 1 -1 1 1 -1 1 -1 -1 -1 1 -1 -1 -1 1 1 -1 -1 -1 1 -1 1 1 1 1 1 -1 1 -1 -1 1 -1 -1 1 1 -1 1 -1 1 1 -1 -1 1 -1 1 -1 -1 1 -1
1 1 1 -1 -1 1 -1 1 1 -1 -1 1 1 1 1 1 -1 1 -1 -1 -1 1 -1 1 1 -1 1 1 1 1 1 1 1 -1 1 -1 1 -1 -1 -1 -1 1 1 -1 1 -1 -1 -1 -1 1 -1 -1 -1 1 1 1 1 -1 -1 1 -1 -1 -1 1
-1 -1 1 1 -1 1 -1 -1 1 1 -1 1 -1 -1 -1 -1 1 1 -1 -1 -1 -1 -1 1 -1 1 1 1 1 -1 1 -1 1 1 -1 -1 1 -1 -1 1 -1 -1 -1 -1 1 1 -1 -1 1 1 -1 -1 1 1 1 1 1 -1 -1 1 -1 -1 1 1
-1 -1 1 -1 1 -1 1 -1 1 -1 -1 1 -1 -1 -1 1 1 1 1 -1 -1 1 -1 1 -1 -1 -1 1 1 1 1 -1 -1 -1 1 -1 -1 -1 -1 -1 -1 1 1 1 1 1 1 -1 -1 1 -1 -1 1 -1 -1 -1 1 -1 -1 1 -1 1 -1 1
1 1 1 1 1 -1 -1 -1 -1 1 1 -1 1 1 1 1 1 -1 -1 1 1 1 1 -1 -1 -1 -1 -1 1 -1 -1 -1 1 -1 1 1 -1 -1 -1 1 -1 -1 1 -1 -1 1 -1 -1 -1 1 -1 -1 1 -1 1 -1 1 1 1 -1 1 -1 -1 1
1 1 -1 -1 -1 1 1 -1 1 -1 -1 1 -1 -1 -1 -1 -1 -1 -1 -1 -1 -1 -1 1 1 1 -1 1 1 -1 1 -1 -1 -1 1 -1 -1 -1 1 1 -1 1 -1 -1 -1 1 1 -1 1 1 1 1 -1 -1 -1 -1 1 -1 -1 1 -1 1 1 -1
-1 1 -1 1 -1 -1 1 1 -1 -1 1 1 -1 -1 1 1 -1 1 -1 -1 1 1 -1 -1 -1 1 -1 -1 1 -1 -1 1 -1 1 1 -1 -1 -1 -1 1 1 -1 1 -1 -1 -1 1 -1 1 1 1 1 -1 1 -1 -1 -1 1 -1 -1 1 1 1 1
-1 1 1 1 1 -1 1 -1 1 -1 1 1 1 1 -1 -1 -1 1 -1 -1 1 1 -1 1 1 1 -1 1 1 1 -1 1 -1 -1 1 1 1 -1 1 -1 -1 1 -1 1 1 1 -1 -1 -1 1 1 1 1 1 1 1 -1 -1 1 1 1 -1 -1 -1
-1 1 -1 -1 1 1 1 -1 1 -1 -1 -1 1 1 -1 1 -1 -1 -1 1 1 -1 1 -1 -1 1 1 1 -1 -1 1 -1 -1 1 1 -1 1 1 1 1 1 1 1 -1 1 1 -1 -1 -1 1 1 1 -1 -1 1 -1 -1 -1 1 1 1 -1 1 -1
1 -1 1 1 1 1 1 -1 1 -1 1 -1 -1 1 -1 -1 -1 1 1 1 -1 1 1 -1 1 -1 1 1 -1 1 1 -1 -1 -1 -1 -1 -1 1 -1 1 1 1 -1 -1 -1 1 -1 1 -1 -1 -1 -1 1 -1 -1 -1 1 1 -1 -1 1 -1 1 1
-1 1 1 -1 1 1 1 1 1 1 -1 1 -1 1 1 1 -1 -1 -1 1 -1 1 -1 -1 -1 -1 1 1 -1 -1 1 -1 -1 -1 1 1 1 1 -1 -1 1 -1 1 1 1 -1 1 -1 -1 -1 1 1 1 -1 1 -1 -1 -1 -1 -1 1 1 1 1
-1 1 -1 -1 -1 1 1 1 -1 -1 1 1 1 -1 1 -1 -1 1 1 -1 1 -1 1 1 1 1 1 -1 -1 -1 -1 1 1 -1 1 1 -1 -1 1 -1 1 -1 1 1 1 -1 1 -1 1 1 -1 1 -1 1 1 -1 -1 1 -1 1 -1 1 -1 1
1 -1 -1 -1 -1 1 1 -1 -1 1 -1 -1 1 -1 1 1 1 -1 1 -1 -1 1 1 -1 -1 -1 -1 -1 -1 -1 -1 -1 -1 1 1 1 -1 -1 -1 -1 -1 -1 -1 -1 -1 1 1 1 -1 1 1 -1 -1 1 -1 1 -1 1 1 1 -1 -1 -1 -1
-1 -1 -1 -1 -1 1 -1 1 -1 -1 -1 -1 -1 -1 -1 1 1 -1 -1 -1 1 -1 -1 -1 1 -1 -1 1 1 -1 -1 -1 1 1 1 -1 -1 -1 -1 1 1 -1 1 -1 -1 1 -1 1 -1 -1 1 1 -1 1 1 -1 -1 1 1 -1 1 -1 1 -1
-1 1 -1 -1 -1 -1 1 1 -1 -1 1 1 -1 1 1 1 -1 -1 1 -1 -1 1 1 1 1 -1 -1 -1 1 -1 1 1 1 -1 -1 -1 -1 1 -1 1 -1 1 -1 -1 1 1 1 -1 1 1 1 -1 -1 1 1 -1 1 -1 1 -1 1 -1 1 -1
-1 -1 1 -1 1 -1 -1 -1 1 -1 -1 -1 1 1 1 -1 1 -1 1 1 1 1 -1 1 -1 1 -1 1 -1 1 -1 -1 -1 1 1 -1 1 -1 1 -1 -1 -1 -1 -1 1 -1 -1 1 -1 1 -1 1 1 1 -1 1 1 1 -1 -1 1 -1 1 -1
1 -1 -1 1 -1 1 -1 1 -1 1 -1 -1 1 -1 1 1 1 1 1 -1 -1 1 -1 -1 -1 1 1 1 1 1 1 1 -1 -1 1 -1 1 1 -1 -1 1 1 1 1 1 -1 -1 -1 1 1 -1 1 -1 -1 -1 1 -1 1 1 -1 1 -1 -1 1
1 1 -1 1 1 1 -1 1 1 1 1 -1 1 1 -1 -1 -1 -1 1 1 -1 -1 -1 -1 -1 1 -1 1 -1 -1 -1 -1 -1 -1 1 -1 1 1 1 1 1 -1 1 1 1 1 1 1 -1 1 1 1 1 1 1 -1 -1 -1 1 -1 -1 -1 1 1
-1 -1 1 1 -1 -1 -1 1 1 1 -1 -1 1 -1 1 1 1 -1 -1 -1 1 -1 1 -1 1 1 -1 1 1 1 1 -1 -1 1 1 1 1 1 -1 -1 -1 -1 1 -1 1 -1 -1 1 1 -1 1 1 1 1 1 -1 1 1 1 -1 -1 1 1 -1
1 1 1 1 1 1 1 -1 -1 1 -1 1 -1 -1 -1 -1 1 -1 -1 1 -1 1 -1 -1 -1 1 -1 1 -1 1 -1 -1 -1 -1 1 1 1 1 1 1 1 1 -1 1 1 -1 1 -1 1 -1 -1 -1 -1 1 -1 1 -1 1 -1 1 1 -1 1 -1
1 -1 1 -1 -1 -1 1 -1 -1 1 1 -1 -1 1 1 1 -1 1 1 1 -1 1 -1 1 1 -1 1 1 -1 1 1 1 -1 1 1 -1 -1 -1 -1 -1 -1 -1 1 1 1 1 -1 -1 -1 1 1 1 1 -1 1 1 -1 -1 -1 1 1 1 -1 -1
-1 -1 -1 -1 1 -1 1 -1 -1 -1 1 -1 -1 1 -1 1 -1 1 -1 1 -1 -1 1 1 1 -1 -1 -1 1 -1 -1 1 1 -1 -1 1 -1 -1 -1 1 1 -1 1 -1 1 -1 -1 1 -1 -1 1 -1 -1 -1 1 -1 1 1 1 -1 1 -1 1 -1
1 -1 1 -1 -1 1 -1 -1 -1 1 -1 -1 -1 -1 1 1 1 1 1 -1 1 -1 1 -1 -1 1 1 1 -1 1 1 -1 1 1 -1 1 1 1 -1 -1 -1 1 -1 -1 1 1 1 1 1 -1 1 1 -1 -1 -1 -1 1 1 -1 -1 1 -1 -1 -1
-1 -1 -1 1 -1 1 1 1 1 1 1 -1 1 -1 1 -1 1 1 -1 1 1 -1 1 -1 1 1 -1 -1 1 -1 -1 1 -1 1 -1 1 -1 1 -1 -1 -1 1 1 1 1 1 -1 -1 1 1 1 -1 1 -1 -1 1 1 -1 1 1 -1 -1 1 -1
-1 -1 -1 1 -1 1 1 -1 1 -1 -1 1 -1 -1 -1 -1 1 -1 1 -1 1 -1 1 -1 1 -1 -1 1 1 -1 -1 -1 -1 -1 -1 -1 -1 -1 -1 -1 -1 -1 1 1 1 1 -1 1 1 -1 1 1 1 -1 1 -1 -1 -1 1 -1 1 1 -1 1
-1 -1 -1 1 1 -1 1 -1 1 -1 -1 -1 1 1 -1 -1 -1 1 -1 -1 -1 -1 -1 1 1 -1 -1 1 1 -1 1 1 -1 1 1 -1 1 -1 1 -1 1 -1 1 -1 1 -1 -1 1 1 -1 1 1 1 1 1 1 1 -1 1 1 1 -1 1 -1
1 -1 -1 1 -1 1 1 1 1 -1 -1 -1 1 -1 1 -1 -1 -1 -1 -1 1 -1 1 1 -1 1 -1 1 1 -1 -1 1 -1 -1 1 1 1 -1 -1 1 1 1 -1 1 1 -1 -1 1 -1 -1 1 -1 1 -1 -1 -1 -1 -1 -1 -1 -1 -1 1 -1
1 -1 -1 1 1 1 1 1 -1 -1 1 1 -1 1 1 -1 -1 -1 -1 -1 1 -1 1 -1 1 -1 1 1 -1 -1 1 -1 -1 -1 1 1 1 -1 1 1 1 1 1 1 1 -1 1 1 -1 -1 -1 -1 1 -1 -1 1 1 -1 1 1 -1 -1 1 1
-1 1 1 1 1 -1 -1 -1 -1 -1 -1 1 -1 -1 1 -1 1 1 1 -1 -1 1 1 1 1 1 1 -1 -1 1 1 -1 1 -1 1 1 -1 -1 1 -1 1 1 -1 -1 -1 1 -1 -1 1 1 -1 1 1 1 1 -1 1 1 1 1 -1 1 1 -1
1 1 -1 1 -1 1 -1 1 -1 -1 1 1 -1 -1 1 1 1 1 -1 1 -1 -1 -1 1 1 1 1 1 -1 1 1 1 -1 -1 1 -1 -1 1 1 1 -1 1 -1 -1 1 1 1 1 -1 -1 -1 1 -1 -1 -1 1 1 -1 1 1 1 1 -1 1
1 -1 -1 -1 -1 -1 1 1 -1 -1 1 -1 1 1 -1 -1 -1 -1 -1 1 1 1 -1 1 1 1 -1 1 1 -1 1 1 1 1 -1 1 -1 1 -1 -1 -1 -1 1 -1 -1 -1 -1 -1 -1 -1 1 -1 1 1 -1 1 -1 -1 -1 1 1 -1 1 -1
1 1 -1 1 -1 -1 -1 1 -1 -1 -1 1 1 -1 -1 -1 -1 -1 1 -1 1 -1 1 -1 1 1 1 -1 1 -1 -1 -1 1 1 -1 -1 -1 1 -1 1 1 1 -1 1 -1 1 1 -1 -1 1 1 1 1 1 1 -1 -1 1 -1 -1 -1 -1 -1 -1
1 -1 1 -1 1 -1 1 1 1 1 1 1 1 -1 -1 1 1 1 -1 -1 -1 1 1 1 1 1 1 -1 1 -1 -1 -1 -1 1 -1 -1 -1 -1 1 1 1 -1 -1 1 -1 -1 1 1 1 -1 1 -1 1 1 1 -1 -1 1 -1 1 1 -1 1 1
-1 -1 1 1 1 1 -1 -1 1 -1 -1 1 1 1 -1 1 1 -1 -1 -1 1 1 -1 1 -1 1 -1 1 1 1 -1 -1 1 -1 1 1 1 -1 1 1 -1 1 -1 1 1 -1 -1 -1 -1 -1 -1 -1 1 -1 1 1 1 1 1 1 -1 1 1 1
-1 1 1 1 -1 1 1 -1 -1 -1 1 -1 1 -1 1 -1 -1 -1 1 -1 -1 -1 1 1 -1 1 -1 1 -1 -1 1 -1 1 -1 1 -1 1 1 -1 -1 1 1 -1 1 1 -1 -1 -1 -1 1 -1 -1 1 1 1 1 1 1 1 -1 -1 1 -1 1
1 -1 -1 -1 -1 -1 1 1 -1 -1 -1 1 1 -1 -1 1 1 -1 -1 -1 1 1 1 1 1 -1 -1 1 1 1 -1 -1 1 -1 -1 1 1 -1 1 -1 1 1 1 1 -1 1 -1 1 1 1 1 1 1 1 -1 -1 1 1 -1 -1 1 -1 -1 1
-1 -1 1 -1 -1 1 1 1 1 1 1 1 1 1 1 1 -1 -1 1 -1 -1 1 -1 1 1 -1 -1 -1 -1 -1 1 1 -1 -1 1 1 1 1 -1 1 -1 1 -1 1 1 -1 -1 -1 -1 -1 -1 -1 1 1 -1 -1 -1 -1 -1 1 -1 -1 1 -1
1 1 -1 -1 1 -1 1 -1 1 1 1 1 1 1 -1 1 1 1 -1 -1 -1 1 -1 -1 1 -1 1 1 1 -1 -1 1 -1 -1 -1 -1 -1 -1 1 -1 1 -1 -1 1 -1 1 -1 1 1 -1 1 -1 1 -1 1 1 -1 1 1 1 1 1 -1 -1
-1 1 -1 1 -1 1 -1 -1 -1 1 -1 1 1 -1 1 1 -1 1 -1 1 -1 -1 1 1 -1 -1 1 1 1 -1 1 1 1 1 -1 -1 -1 1 1 -1 1 -1 -1 -1 1 1 1 -1 1 1 -1 1 -1 1 -1 -1 -1 1 -1 -1 1 -1 1 1
-1 1 1 1 1 1 1 -1 -1 1 1 -1 1 1 1 1 1 1 1 -1 1 1 1 1 -1 -1 1 1 1 -1 1 -1 1 -1 1 -1 1 -1 1 -1 1 1 -1 -1 -1 1 1 -1 -1 1 -1 -1 1 1 -1 1 1 1 -1 -1 1 1 1 -1
1 -1 -1 1 1 1 1 -1 1 -1 -1 -1 -1 1 -1 -1 1 1 -1 1 -1 -1 -1 1 1 1 1 -1 1 -1 1 1 -1 1 -1 -1 -1 1 1 -1 -1 -1 -1 -1 1 -1 -1 1 1 -1 -1 -1 -1 -1 -1 1 1 1 -1 -1 -1 1 -1 1
-1 -1 1 -1 -1 1 1 1 1 1 -1 -1 1 -1 1 1 1 1 1 1 -1 -1 -1 1 -1 1 -1 -1 1 -1 -1 -1 -1 -1 -1 1 -1 -1 -1 1 -1 1 -1 1 -1 -1 1 1 -1 -1 -1 1 -1 1 1 1 -1 1 -1 1 1 -1 -1 -1
1 -1 1 1 -1 -1 -1 1 1 -1 1 -1 -1 1 -1 -1 1 -1 1 1 -1 -1 1 -1 1 -1 -1 -1 1 1 -1 1 -1 1 1 -1 -1 1 -1 1 -1 -1 -1 1 1 1 -1 -1 1 1 1 -1 -1 1 -1 -1 1 1 -1 -1 1 -1 1 -1

----------------------------------------------------------------

Número de pasos para llegar al equilibrio:
34

----------------------------------------------------------------

Tiempo necesario para llegar al equilibrio:
1.4831461906433105 segundos

----------------------------------------------------------------

Tiempo de animación:
1.053419589996338 segundos

----------------------------------------------------------------
