----------------------------------------------------------------

Información sobre la simulación:

----------------------------------------------------------------

Tamaño de la red:
64x64

----------------------------------------------------------------

Temperatura:
3

----------------------------------------------------------------

Configuración inicial:
1 -1 1 1 -1 -1 -1 1 1 1 1 1 -1 -1 -1 1 -1 -1 -1 -1 1 -1 -1 -1 1 -1 1 -1 1 -1 1 -1 -1 1 1 1 -1 -1 1 1 -1 -1 1 1 1 -1 -1 1 -1 1 1 1 1 -1 1 -1 1 -1 1 -1 -1 -1 1 -1
1 -1 -1 1 -1 -1 -1 1 -1 -1 1 1 -1 1 1 -1 1 -1 -1 1 -1 -1 1 1 1 -1 1 1 -1 -1 1 -1 -1 1 -1 -1 1 1 1 -1 -1 -1 -1 1 -1 -1 1 1 -1 -1 1 1 1 -1 1 -1 1 1 1 -1 1 1 1 -1
-1 1 1 1 1 1 1 -1 -1 1 -1 -1 1 1 -1 1 -1 -1 -1 -1 1 1 -1 1 -1 -1 -1 1 -1 1 -1 -1 -1 -1 -1 -1 1 -1 1 -1 1 -1 -1 -1 1 1 1 1 1 -1 1 1 1 -1 1 1 1 -1 1 1 1 -1 -1 1
-1 1 -1 1 -1 1 1 1 -1 -1 1 1 -1 1 -1 1 -1 -1 -1 -1 -1 1 1 1 1 1 1 -1 1 -1 -1 1 -1 1 1 -1 -1 -1 -1 -1 1 -1 1 -1 -1 1 -1 1 1 1 -1 1 1 1 -1 1 -1 -1 1 1 1 -1 -1 1
-1 1 1 -1 -1 -1 1 1 -1 1 -1 -1 1 -1 1 1 1 1 -1 -1 1 -1 -1 1 -1 1 1 1 1 -1 -1 1 -1 -1 -1 1 -1 -1 1 -1 1 1 -1 -1 1 -1 -1 1 -1 1 -1 1 -1 -1 1 1 1 1 1 1 1 1 -1 -1
-1 1 1 -1 -1 -1 1 -1 -1 -1 1 1 1 -1 1 1 1 1 1 1 -1 1 -1 -1 -1 -1 -1 1 -1 1 1 -1 1 1 1 1 1 -1 -1 1 1 -1 -1 -1 1 1 1 1 -1 1 -1 1 1 -1 1 1 1 -1 1 -1 1 1 -1 -1
-1 -1 -1 1 -1 1 -1 1 -1 -1 -1 -1 -1 -1 -1 1 -1 1 -1 1 1 -1 1 1 1 -1 -1 -1 1 1 -1 -1 1 1 -1 1 1 -1 1 -1 -1 -1 -1 -1 1 -1 1 -1 -1 1 1 1 1 -1 -1 -1 1 -1 1 -1 -1 1 1 1
1 1 -1 1 1 1 1 -1 1 -1 1 1 -1 -1 -1 -1 -1 1 1 1 -1 1 -1 -1 -1 1 1 1 1 -1 -1 1 1 1 1 1 1 -1 -1 1 1 -1 1 -1 -1 -1 1 1 1 1 -1 -1 -1 1 -1 1 1 1 -1 1 1 1 -1 -1
1 1 1 -1 -1 -1 1 1 -1 1 -1 1 1 1 -1 -1 1 -1 1 1 -1 -1 -1 -1 -1 -1 1 1 -1 1 -1 1 -1 -1 -1 1 -1 -1 1 -1 1 1 -1 -1 1 -1 -1 1 -1 1 -1 -1 1 1 1 -1 -1 1 1 1 1 1 -1 1
1 -1 -1 -1 1 -1 1 1 1 1 1 1 1 -1 -1 -1 1 -1 1 -1 -1 -1 1 -1 -1 1 -1 -1 -1 1 -1 -1 -1 -1 1 -1 1 -1 -1 1 -1 1 -1 1 1 1 -1 1 1 1 -1 -1 -1 1 -1 -1 1 -1 1 -1 1 1 1 -1
-1 1 -1 -1 -1 -1 -1 -1 -1 -1 1 1 1 -1 -1 1 -1 -1 1 -1 -1 -1 -1 1 -1 1 1 -1 -1 -1 -1 -1 1 1 1 -1 1 1 -1 1 1 -1 1 -1 1 1 -1 -1 -1 1 -1 1 -1 1 1 -1 1 -1 1 -1 1 1 -1 1
-1 1 1 1 -1 -1 -1 1 -1 -1 -1 1 1 -1 -1 -1 1 1 -1 1 -1 -1 -1 1 1 -1 1 -1 -1 1 -1 1 1 -1 -1 -1 1 1 1 1 -1 -1 -1 -1 -1 -1 -1 -1 1 -1 1 -1 -1 -1 -1 1 1 1 1 1 -1 1 -1 -1
1 1 1 -1 -1 1 1 -1 1 -1 1 -1 1 -1 1 1 -1 -1 -1 1 1 1 1 1 1 -1 1 1 1 -1 -1 1 1 -1 -1 1 1 -1 -1 1 1 -1 1 -1 -1 -1 -1 1 1 1 1 -1 -1 -1 -1 1 1 1 1 1 1 -1 -1 1
-1 -1 -1 1 1 1 1 1 1 1 -1 1 1 -1 -1 1 -1 -1 -1 -1 -1 -1 1 1 -1 -1 1 1 -1 -1 -1 -1 1 1 1 1 -1 -1 1 1 1 1 1 1 1 1 1 1 1 -1 -1 1 1 -1 1 -1 -1 1 -1 -1 1 -1 1 -1
1 -1 1 -1 1 -1 -1 -1 1 -1 -1 -1 -1 -1 -1 -1 1 1 -1 1 1 1 1 1 -1 1 1 1 1 1 1 -1 -1 1 -1 1 1 -1 -1 -1 1 -1 1 -1 1 1 1 -1 -1 -1 -1 -1 -1 -1 -1 -1 -1 -1 1 -1 1 -1 1 -1
1 1 1 -1 1 -1 1 1 -1 1 1 1 -1 1 -1 -1 -1 1 -1 1 -1 -1 -1 1 -1 1 -1 1 1 -1 -1 -1 1 1 -1 -1 1 -1 1 -1 -1 1 1 -1 1 -1 -1 1 1 1 -1 1 -1 -1 1 1 1 1 1 1 1 -1 1 -1
1 -1 1 -1 -1 1 -1 1 -1 -1 -1 -1 -1 -1 -1 -1 -1 1 -1 1 -1 1 -1 -1 1 1 -1 -1 1 1 1 1 -1 -1 1 1 -1 -1 -1 1 1 -1 -1 1 1 -1 -1 -1 -1 -1 -1 -1 -1 1 1 -1 1 1 -1 1 -1 1 1 -1
-1 -1 1 1 1 -1 1 -1 1 1 -1 -1 -1 -1 -1 1 -1 1 1 -1 -1 1 1 -1 -1 -1 1 1 1 -1 -1 1 -1 1 1 -1 -1 -1 1 1 -1 -1 1 -1 -1 -1 1 1 -1 -1 1 1 -1 -1 1 1 1 1 1 1 -1 1 -1 1
1 -1 -1 -1 1 1 1 1 1 -1 -1 -1 -1 1 -1 1 -1 1 1 1 1 1 -1 -1 -1 -1 1 -1 -1 -1 1 -1 1 -1 -1 1 -1 -1 1 -1 -1 -1 1 -1 1 -1 -1 -1 -1 1 -1 -1 -1 1 1 -1 1 -1 -1 -1 -1 1 -1 -1
-1 1 -1 -1 1 1 1 1 1 1 1 -1 -1 1 1 -1 1 -1 1 1 1 1 1 -1 1 -1 -1 -1 1 -1 1 -1 1 -1 -1 -1 -1 1 1 -1 -1 1 1 1 -1 -1 1 1 -1 -1 -1 -1 -1 -1 1 -1 1 -1 1 -1 1 1 1 -1
1 -1 1 -1 -1 -1 1 1 1 1 1 -1 1 -1 -1 -1 1 -1 -1 -1 -1 -1 -1 1 1 -1 1 1 -1 1 1 -1 1 1 -1 1 1 1 -1 -1 1 1 -1 1 1 -1 1 1 1 1 -1 1 -1 1 -1 1 -1 -1 -1 1 1 -1 1 1
1 -1 1 1 -1 -1 1 -1 -1 -1 -1 1 -1 -1 -1 -1 -1 -1 1 1 1 1 1 -1 -1 -1 1 -1 1 1 -1 -1 -1 1 -1 -1 1 -1 -1 -1 1 1 1 1 1 -1 -1 -1 1 -1 -1 -1 -1 1 1 1 -1 1 1 -1 1 1 -1 -1
1 1 -1 1 1 -1 1 1 -1 1 -1 1 1 1 1 1 1 -1 1 1 1 1 1 -1 1 -1 1 1 1 1 1 1 1 1 -1 -1 1 -1 -1 1 -1 -1 -1 -1 1 1 -1 1 -1 1 1 1 -1 -1 1 -1 -1 -1 1 -1 1 1 1 1
-1 1 1 -1 -1 -1 -1 -1 -1 -1 -1 -1 1 1 1 1 1 1 1 1 1 1 1 -1 -1 -1 -1 1 -1 -1 -1 1 1 1 -1 -1 1 -1 -1 -1 -1 1 1 1 -1 -1 1 -1 1 1 -1 1 -1 1 -1 1 -1 -1 1 -1 1 1 1 1
1 -1 1 1 -1 1 1 -1 1 1 -1 1 -1 1 1 1 -1 1 1 -1 -1 1 -1 1 -1 1 1 1 1 1 1 1 1 1 1 1 -1 1 1 -1 1 1 1 -1 1 -1 1 -1 -1 -1 -1 -1 -1 -1 1 1 -1 -1 -1 -1 -1 -1 -1 1
1 -1 -1 1 1 -1 -1 -1 -1 1 1 1 -1 -1 1 -1 -1 -1 1 -1 -1 -1 1 -1 1 -1 1 1 1 1 -1 1 -1 -1 1 1 1 -1 -1 1 -1 1 -1 1 1 1 1 1 -1 1 -1 -1 1 -1 1 -1 -1 1 1 -1 1 1 -1 -1
1 -1 1 -1 1 -1 -1 1 -1 -1 1 1 1 -1 -1 -1 1 1 1 -1 1 1 1 1 1 1 1 1 1 -1 -1 1 -1 1 1 -1 1 1 -1 -1 1 -1 -1 -1 1 1 -1 1 -1 -1 -1 -1 1 1 -1 -1 -1 -1 -1 1 1 1 -1 -1
-1 -1 1 1 -1 1 1 1 1 -1 -1 1 -1 -1 1 -1 -1 -1 1 1 1 1 1 1 1 1 1 1 1 -1 1 -1 1 1 -1 1 1 1 -1 -1 -1 -1 -1 1 1 1 -1 1 -1 -1 -1 1 1 1 1 1 1 -1 -1 1 1 1 1 -1
-1 -1 1 -1 -1 1 1 1 -1 -1 -1 -1 1 -1 1 -1 1 -1 -1 1 1 -1 -1 1 1 -1 -1 1 -1 1 1 -1 1 1 -1 1 -1 -1 -1 -1 1 1 -1 -1 -1 1 -1 -1 -1 1 -1 -1 -1 1 -1 -1 1 -1 1 1 -1 -1 1 1
-1 1 1 -1 -1 -1 -1 -1 -1 -1 -1 1 -1 -1 -1 1 1 -1 1 1 -1 1 1 -1 -1 -1 1 -1 -1 -1 1 1 -1 1 -1 -1 1 1 -1 1 -1 -1 1 -1 1 -1 1 -1 -1 1 -1 1 -1 -1 -1 -1 -1 -1 -1 1 1 1 -1 -1
1 -1 -1 -1 -1 -1 1 -1 -1 1 1 -1 -1 -1 -1 1 1 1 -1 1 -1 -1 -1 -1 1 1 -1 1 -1 -1 1 1 -1 -1 -1 1 1 -1 -1 -1 -1 1 -1 1 1 1 -1 1 1 -1 1 1 1 -1 -1 -1 -1 1 -1 1 1 1 1 -1
-1 1 -1 1 -1 1 -1 -1 -1 -1 1 1 1 1 -1 1 -1 1 -1 1 -1 1 1 1 -1 -1 1 -1 -1 -1 -1 -1 -1 -1 -1 1 1 1 1 -1 -1 -1 -1 -1 -1 1 -1 1 -1 -1 1 1 -1 1 1 1 1 -1 1 1 1 -1 -1 -1
1 1 -1 -1 -1 1 1 1 -1 -1 1 1 1 1 -1 -1 1 -1 1 1 -1 1 1 -1 -1 -1 -1 1 1 -1 -1 -1 1 -1 1 1 -1 1 -1 -1 1 1 1 1 -1 -1 1 -1 -1 -1 -1 1 -1 -1 -1 -1 1 1 -1 -1 -1 1 1 1
-1 1 1 1 -1 1 -1 -1 -1 1 1 1 -1 -1 1 1 -1 -1 -1 1 1 1 1 -1 1 -1 -1 1 1 1 1 -1 -1 1 -1 -1 -1 -1 1 -1 -1 1 -1 -1 1 1 -1 1 -1 1 1 1 -1 -1 -1 -1 -1 -1 -1 -1 1 -1 1 1
-1 -1 1 1 -1 1 1 -1 1 1 1 -1 -1 -1 1 1 -1 -1 1 -1 -1 1 -1 1 1 1 1 -1 1 -1 -1 -1 -1 1 1 -1 -1 -1 -1 -1 -1 1 -1 -1 1 1 1 1 -1 1 1 1 -1 -1 -1 1 -1 1 1 1 1 -1 1 -1
1 1 -1 -1 -1 1 -1 1 -1 1 1 -1 1 -1 -1 -1 -1 -1 -1 -1 1 -1 1 -1 -1 -1 -1 1 -1 1 -1 -1 1 -1 1 -1 -1 -1 -1 -1 -1 1 1 -1 1 1 -1 -1 1 1 1 1 -1 -1 1 1 -1 1 -1 -1 1 -1 1 -1
1 -1 -1 1 -1 -1 -1 1 1 1 -1 -1 -1 1 -1 1 -1 1 -1 1 -1 1 -1 -1 1 -1 1 1 1 1 1 -1 1 1 1 1 1 -1 -1 -1 -1 1 1 1 -1 -1 -1 -1 -1 1 -1 -1 1 -1 1 -1 1 -1 -1 -1 -1 1 -1 1
-1 -1 -1 -1 -1 1 -1 -1 -1 -1 1 -1 1 1 -1 -1 -1 -1 -1 -1 1 -1 1 1 -1 1 -1 -1 1 -1 1 -1 1 1 1 1 -1 1 1 1 -1 -1 1 1 1 -1 -1 -1 1 1 1 1 -1 1 1 -1 1 -1 -1 1 1 -1 1 1
1 -1 -1 1 1 1 1 1 1 1 1 -1 1 1 -1 1 1 1 1 1 1 1 -1 1 -1 -1 -1 -1 -1 1 -1 1 -1 1 -1 -1 1 1 1 1 -1 -1 -1 -1 1 1 1 -1 -1 -1 1 -1 1 -1 1 -1 1 -1 1 -1 1 1 1 1
-1 -1 1 -1 1 1 -1 1 1 -1 -1 1 -1 -1 -1 1 1 1 1 1 -1 1 1 -1 -1 -1 -1 -1 -1 1 -1 1 1 1 1 -1 -1 1 -1 1 1 -1 -1 1 -1 -1 1 -1 -1 -1 1 -1 1 1 -1 1 1 -1 -1 -1 1 1 -1 -1
1 -1 1 -1 1 1 1 -1 -1 1 -1 -1 1 -1 1 -1 -1 -1 1 1 -1 1 -1 -1 1 -1 -1 -1 -1 1 -1 1 1 -1 -1 1 1 -1 -1 -1 -1 1 -1 1 1 1 1 -1 1 -1 1 1 -1 -1 -1 -1 -1 1 1 1 1 1 -1 -1
1 -1 -1 -1 1 1 -1 1 1 -1 1 1 -1 -1 -1 1 -1 -1 1 -1 1 -1 1 -1 -1 -1 -1 -1 1 1 -1 -1 -1 1 -1 -1 1 1 -1 1 1 -1 -1 1 1 1 1 1 1 -1 -1 1 1 -1 -1 1 1 -1 1 -1 1 1 1 -1
1 -1 -1 1 1 1 1 1 1 -1 -1 -1 1 1 1 1 1 -1 1 -1 -1 1 -1 1 -1 -1 1 -1 -1 -1 -1 1 -1 1 1 -1 -1 -1 -1 -1 -1 -1 -1 1 1 1 1 -1 1 1 1 1 1 1 -1 1 1 1 1 -1 -1 -1 -1 1
1 1 -1 1 1 -1 1 -1 -1 1 -1 -1 -1 -1 1 1 1 1 -1 1 -1 -1 -1 -1 -1 1 -1 -1 1 1 1 1 -1 1 -1 1 -1 1 1 1 -1 1 1 -1 1 1 1 1 1 1 -1 1 1 -1 -1 1 1 1 -1 -1 -1 -1 1 -1
1 1 1 1 -1 -1 1 1 1 -1 1 -1 -1 -1 -1 1 -1 1 -1 1 -1 -1 1 -1 1 -1 1 1 -1 -1 -1 1 -1 1 -1 1 1 -1 -1 -1 -1 1 -1 -1 -1 -1 -1 1 -1 1 1 1 -1 -1 1 -1 1 -1 1 1 -1 1 1 -1
1 -1 1 -1 -1 -1 -1 1 -1 -1 -1 -1 1 1 -1 1 1 1 -1 -1 1 1 -1 1 -1 1 1 1 -1 1 -1 -1 -1 1 -1 -1 1 1 1 1 -1 1 -1 -1 -1 1 -1 -1 1 -1 1 -1 -1 -1 1 -1 1 1 1 1 -1 1 -1 1
-1 1 1 -1 -1 -1 -1 1 1 1 1 1 -1 -1 1 -1 -1 1 1 -1 -1 -1 -1 -1 1 -1 -1 -1 -1 -1 1 1 1 1 -1 1 1 1 1 -1 -1 -1 1 -1 1 -1 -1 1 -1 -1 -1 1 -1 1 -1 -1 1 1 -1 -1 1 -1 -1 -1
1 1 1 1 -1 -1 1 1 1 -1 1 -1 -1 1 -1 -1 1 -1 1 -1 1 1 1 1 1 1 1 1 1 -1 -1 1 -1 -1 1 -1 1 1 1 1 1 -1 -1 -1 1 1 1 -1 1 1 1 1 -1 -1 -1 1 -1 -1 1 -1 1 -1 -1 -1
1 1 -1 -1 -1 1 1 -1 -1 -1 -1 1 -1 1 1 1 -1 -1 1 -1 1 1 1 1 1 -1 1 -1 -1 1 1 -1 -1 -1 -1 -1 1 -1 -1 1 1 1 -1 1 1 -1 -1 1 1 1 1 -1 -1 1 -1 -1 -1 1 -1 -1 1 -1 -1 -1
-1 1 1 1 1 1 -1 -1 1 -1 1 -1 1 1 -1 -1 1 1 -1 1 1 -1 1 -1 -1 1 -1 1 -1 1 1 1 -1 1 1 -1 -1 1 1 1 1 1 1 -1 1 -1 -1 -1 -1 1 1 1 -1 1 1 1 -1 -1 1 1 -1 -1 1 1
-1 1 -1 1 1 1 1 -1 -1 1 -1 1 -1 1 -1 1 -1 1 1 -1 -1 1 1 1 1 1 1 -1 1 1 1 1 -1 1 1 -1 1 1 -1 1 1 1 1 -1 1 1 -1 -1 -1 1 -1 -1 1 -1 1 -1 1 1 -1 -1 1 1 -1 1
1 1 1 1 -1 -1 1 1 -1 1 -1 -1 1 -1 1 -1 1 1 -1 1 1 1 1 1 -1 -1 1 -1 -1 -1 1 -1 1 1 1 -1 -1 1 -1 -1 1 -1 1 -1 -1 -1 -1 1 1 -1 1 -1 1 1 1 -1 1 -1 1 1 1 -1 -1 -1
-1 1 -1 1 -1 1 1 1 -1 -1 1 -1 -1 1 -1 -1 -1 -1 1 1 1 1 1 1 1 -1 1 1 -1 1 1 -1 -1 -1 1 -1 -1 -1 1 -1 -1 -1 1 -1 -1 1 1 1 1 -1 -1 -1 -1 1 -1 -1 1 -1 -1 1 -1 1 -1 -1
1 -1 1 -1 -1 -1 -1 1 -1 1 1 -1 -1 -1 1 1 -1 1 -1 1 1 -1 1 1 -1 -1 -1 1 1 1 -1 1 1 1 -1 -1 -1 -1 1 1 1 1 -1 1 1 -1 -1 -1 1 -1 -1 -1 1 -1 1 1 -1 1 1 -1 1 -1 1 -1
1 1 1 1 1 -1 1 1 1 1 -1 1 1 1 -1 -1 -1 1 1 -1 1 -1 1 1 1 1 1 1 -1 -1 -1 -1 1 1 -1 -1 1 1 -1 -1 1 -1 1 1 -1 -1 -1 1 1 -1 1 1 1 1 -1 -1 -1 1 -1 1 -1 1 1 -1
-1 1 -1 1 1 1 -1 1 -1 1 -1 -1 1 1 1 -1 1 1 1 -1 1 -1 1 -1 -1 1 1 1 -1 -1 1 1 1 1 1 1 1 -1 -1 -1 -1 -1 -1 1 -1 -1 -1 1 -1 -1 1 1 1 -1 1 1 -1 -1 -1 1 -1 1 1 1
-1 -1 1 1 1 1 -1 1 -1 -1 1 1 1 -1 1 1 1 1 1 1 -1 -1 -1 -1 1 1 -1 -1 -1 -1 1 -1 -1 -1 1 -1 -1 1 1 1 1 -1 -1 1 -1 -1 1 1 -1 -1 -1 -1 1 -1 1 1 -1 1 1 -1 -1 -1 1 -1
1 1 1 1 1 -1 -1 1 1 -1 1 -1 1 -1 1 -1 -1 -1 1 1 -1 -1 1 1 1 1 1 1 -1 1 1 1 1 -1 -1 1 -1 -1 -1 -1 -1 -1 1 1 1 -1 1 1 1 -1 1 -1 1 -1 -1 1 1 1 1 1 1 -1 1 1
-1 -1 -1 1 1 1 1 -1 1 1 1 1 -1 -1 1 -1 1 -1 1 1 1 1 -1 -1 -1 -1 1 -1 -1 1 1 1 -1 -1 -1 -1 -1 -1 -1 1 -1 -1 1 1 1 -1 -1 1 1 -1 -1 -1 1 -1 1 1 -1 1 -1 1 -1 -1 -1 -1
1 -1 -1 1 -1 1 -1 1 1 -1 1 -1 -1 1 -1 1 1 1 -1 -1 -1 -1 1 -1 1 -1 1 -1 1 1 -1 -1 -1 -1 -1 -1 -1 -1 -1 -1 -1 1 1 -1 1 -1 -1 -1 -1 -1 -1 -1 1 1 -1 1 1 -1 -1 1 -1 1 1 -1
-1 -1 -1 -1 1 1 -1 1 -1 -1 -1 1 1 -1 1 1 1 -1 1 -1 1 -1 1 1 -1 -1 -1 -1 1 1 1 1 1 1 1 -1 -1 1 1 -1 1 1 -1 1 1 -1 1 1 1 1 -1 -1 -1 -1 1 -1 -1 -1 1 1 1 1 -1 -1
1 -1 -1 -1 1 1 1 1 -1 1 1 1 -1 1 -1 1 -1 -1 1 1 1 1 1 -1 1 -1 -1 -1 1 -1 -1 -1 -1 1 1 -1 -1 -1 -1 -1 1 -1 1 1 -1 1 1 -1 -1 -1 1 -1 -1 -1 -1 -1 1 1 1 1 1 -1 1 -1
-1 -1 -1 -1 1 1 1 -1 -1 1 1 -1 1 -1 -1 -1 -1 -1 1 1 1 -1 -1 -1 1 1 -1 1 1 1 -1 -1 -1 -1 1 1 1 -1 -1 1 -1 -1 1 -1 1 -1 1 -1 -1 1 1 -1 1 -1 1 1 -1 -1 -1 1 1 -1 -1 1
-1 -1 -1 -1 -1 -1 -1 1 1 -1 -1 1 1 -1 1 -1 1 1 -1 1 -1 1 1 1 -1 -1 1 -1 1 1 1 1 1 1 1 1 -1 -1 1 1 -1 1 1 1 1 -1 -1 -1 1 -1 1 1 1 -1 1 -1 -1 -1 -1 -1 1 -1 1 1

----------------------------------------------------------------

Número de pasos para llegar al equilibrio:
103

----------------------------------------------------------------

Tiempo necesario para llegar al equilibrio:
4.011593580245972 segundos

----------------------------------------------------------------

Tiempo de animación:
3.8202483654022217 segundos

----------------------------------------------------------------
