----------------------------------------------------------------

Información sobre la simulación:

----------------------------------------------------------------

Tamaño de la red:
64x64

----------------------------------------------------------------

Temperatura:
5

----------------------------------------------------------------

Configuración inicial:
-1 -1 1 1 -1 1 1 1 1 1 -1 -1 1 -1 1 1 -1 -1 1 -1 -1 -1 -1 -1 1 1 1 1 -1 -1 -1 1 -1 -1 -1 1 1 -1 -1 -1 -1 1 -1 1 -1 -1 -1 1 1 1 -1 1 -1 1 -1 1 -1 1 -1 -1 -1 1 1 1
1 -1 1 -1 -1 1 1 1 1 1 1 1 1 -1 -1 -1 1 1 -1 -1 1 1 1 -1 1 -1 1 1 -1 1 1 -1 1 1 1 -1 1 1 1 1 1 1 1 -1 -1 1 1 -1 -1 -1 1 -1 1 1 1 1 1 -1 1 1 1 1 1 -1
-1 1 1 1 -1 1 -1 -1 -1 -1 1 1 1 1 1 -1 1 -1 1 1 -1 1 1 1 1 1 1 -1 1 -1 -1 -1 1 -1 -1 1 1 1 1 1 -1 1 -1 -1 1 -1 1 1 -1 1 1 1 -1 1 -1 -1 1 -1 -1 1 1 1 1 -1
-1 -1 1 -1 -1 1 1 1 -1 -1 1 -1 1 -1 1 1 1 1 -1 -1 1 1 -1 -1 -1 1 1 1 1 1 -1 -1 1 1 -1 1 -1 -1 -1 -1 -1 -1 -1 -1 1 1 1 1 1 -1 -1 1 1 1 -1 1 -1 1 1 1 1 -1 -1 -1
1 -1 1 -1 1 1 -1 1 -1 -1 -1 -1 1 -1 1 -1 -1 -1 -1 1 1 1 1 1 1 -1 -1 1 1 1 1 1 1 -1 -1 1 1 -1 1 -1 -1 -1 -1 1 -1 1 -1 1 1 1 1 1 -1 1 -1 1 1 1 -1 1 1 -1 -1 -1
1 1 1 1 1 1 1 -1 -1 -1 -1 1 -1 -1 -1 -1 1 1 -1 -1 1 1 1 1 -1 1 -1 -1 -1 1 1 -1 -1 -1 1 -1 -1 1 1 1 -1 -1 1 1 -1 -1 -1 1 1 1 -1 1 1 -1 1 1 -1 -1 1 1 -1 -1 -1 -1
-1 1 -1 -1 1 -1 1 1 1 -1 -1 -1 -1 1 1 -1 -1 1 -1 -1 1 1 1 1 1 1 1 -1 -1 1 1 1 -1 -1 -1 1 -1 -1 -1 1 -1 1 -1 1 -1 -1 1 1 -1 -1 -1 1 -1 1 1 1 1 1 -1 1 -1 -1 -1 -1
-1 1 1 -1 -1 -1 -1 1 -1 -1 1 1 1 -1 1 -1 1 -1 -1 -1 1 -1 -1 1 1 -1 -1 -1 1 -1 1 1 -1 1 -1 -1 1 1 -1 1 -1 1 1 1 -1 -1 1 -1 1 1 -1 -1 -1 1 1 -1 -1 -1 1 -1 -1 1 -1 -1
1 -1 -1 -1 -1 1 -1 -1 1 1 -1 1 1 -1 1 -1 -1 -1 -1 -1 1 1 1 1 -1 -1 1 -1 1 1 1 1 1 1 -1 -1 -1 1 1 -1 -1 1 -1 -1 1 1 1 -1 -1 -1 -1 -1 1 -1 -1 -1 1 -1 -1 -1 -1 1 1 1
1 -1 -1 1 1 1 -1 -1 -1 -1 1 1 1 1 1 1 1 1 1 -1 -1 1 -1 1 1 1 1 -1 1 -1 1 1 -1 1 1 -1 1 1 1 -1 -1 -1 1 1 -1 -1 1 1 -1 1 -1 1 -1 1 1 -1 1 1 1 -1 1 1 1 -1
1 1 -1 1 1 -1 1 -1 -1 1 1 -1 -1 1 1 -1 1 -1 -1 -1 -1 -1 1 -1 -1 -1 1 -1 -1 -1 -1 -1 -1 -1 -1 1 -1 -1 -1 1 -1 -1 1 1 -1 -1 1 -1 -1 1 -1 1 1 -1 -1 -1 -1 -1 1 1 1 1 -1 1
1 -1 -1 -1 -1 -1 1 1 -1 -1 1 1 1 -1 1 1 1 -1 -1 -1 -1 1 1 1 1 1 -1 -1 1 1 1 -1 -1 -1 1 1 1 -1 -1 1 1 1 1 -1 -1 1 1 -1 -1 -1 1 1 1 1 -1 1 -1 -1 -1 1 1 1 1 1
1 1 1 1 1 -1 -1 1 1 1 1 1 1 -1 1 -1 -1 1 1 -1 -1 -1 1 1 -1 -1 -1 1 1 -1 1 1 -1 -1 -1 -1 1 1 1 1 -1 -1 -1 1 -1 -1 -1 1 -1 1 -1 1 -1 1 -1 -1 -1 1 1 1 -1 -1 1 -1
1 1 -1 -1 1 1 1 1 -1 -1 -1 1 -1 -1 -1 -1 -1 1 -1 1 -1 1 -1 -1 -1 1 -1 -1 1 1 -1 1 1 1 -1 -1 -1 1 -1 -1 1 1 1 1 1 -1 -1 -1 -1 -1 -1 -1 1 1 -1 -1 1 1 1 -1 1 -1 -1 1
-1 1 1 1 1 -1 1 -1 1 -1 1 1 -1 1 1 -1 -1 -1 1 1 -1 1 1 1 1 -1 1 -1 1 1 1 -1 -1 -1 1 -1 -1 -1 -1 1 1 -1 -1 -1 1 -1 1 1 -1 -1 -1 -1 -1 -1 1 -1 1 1 1 1 -1 1 1 1
1 -1 -1 -1 1 1 1 1 -1 1 -1 -1 1 1 1 -1 -1 -1 -1 1 -1 -1 -1 -1 -1 -1 -1 1 -1 -1 1 -1 1 -1 -1 1 -1 1 -1 -1 -1 1 -1 1 -1 1 -1 1 -1 1 1 1 -1 1 1 1 1 1 1 1 1 1 1 -1
1 1 1 -1 -1 1 -1 -1 1 1 1 -1 1 -1 1 1 -1 1 -1 1 1 -1 1 -1 1 -1 -1 -1 -1 -1 -1 -1 -1 1 1 1 -1 1 1 1 1 1 -1 1 -1 1 1 1 -1 1 -1 -1 1 1 -1 -1 -1 1 1 1 1 -1 -1 1
1 1 -1 1 -1 1 1 1 1 1 -1 -1 1 -1 1 1 1 -1 -1 1 -1 -1 -1 -1 1 -1 1 -1 1 1 -1 -1 1 1 -1 1 1 -1 -1 -1 1 -1 -1 -1 -1 -1 1 1 -1 1 1 -1 -1 -1 -1 1 1 1 1 1 -1 1 -1 1
1 -1 -1 -1 -1 1 1 1 -1 -1 1 -1 1 1 1 -1 -1 1 -1 -1 1 -1 -1 1 1 1 1 1 1 1 1 1 1 -1 -1 -1 -1 -1 1 -1 -1 1 1 -1 -1 -1 -1 -1 -1 -1 -1 1 -1 1 -1 1 1 1 1 -1 1 1 1 1
-1 -1 -1 -1 1 1 -1 1 1 -1 1 1 1 -1 1 -1 -1 1 -1 -1 1 1 -1 1 -1 -1 1 1 -1 -1 1 1 1 -1 -1 1 -1 1 -1 1 -1 1 1 1 1 1 -1 -1 1 -1 -1 -1 1 1 1 1 1 -1 1 -1 1 -1 1 1
-1 1 1 -1 -1 -1 -1 -1 -1 1 1 1 1 1 -1 -1 1 -1 1 1 1 1 -1 1 -1 1 -1 -1 -1 -1 1 1 1 -1 1 1 -1 -1 -1 -1 -1 -1 1 1 1 1 1 -1 1 1 -1 1 1 1 -1 1 -1 -1 -1 1 1 1 1 -1
-1 1 1 -1 -1 -1 -1 1 1 -1 -1 -1 1 -1 -1 -1 1 1 -1 1 1 -1 1 1 -1 1 -1 -1 -1 1 1 -1 1 -1 1 1 1 1 -1 1 1 -1 -1 1 1 1 1 -1 -1 1 1 -1 -1 1 -1 1 -1 -1 -1 -1 -1 -1 -1 -1
1 -1 1 -1 1 1 -1 -1 1 1 -1 1 -1 1 1 1 -1 -1 -1 -1 1 -1 1 -1 1 -1 -1 1 -1 1 -1 -1 1 -1 -1 1 1 -1 1 1 -1 1 -1 -1 -1 1 1 1 -1 -1 1 -1 -1 -1 1 1 1 -1 1 -1 1 -1 1 -1
1 -1 -1 -1 1 1 -1 1 1 -1 -1 1 -1 1 -1 1 -1 -1 1 -1 -1 1 1 -1 -1 1 1 -1 -1 -1 1 1 1 -1 -1 1 1 -1 -1 1 1 1 -1 1 1 1 1 -1 -1 -1 -1 1 1 1 1 -1 1 1 1 1 1 -1 1 1
-1 -1 1 -1 1 -1 -1 -1 -1 1 1 -1 -1 -1 -1 -1 -1 1 -1 1 1 1 -1 1 1 -1 1 -1 -1 1 1 1 -1 -1 -1 1 -1 -1 -1 -1 -1 1 1 -1 1 1 1 1 -1 -1 1 -1 1 1 1 -1 -1 -1 1 1 -1 -1 -1 1
1 -1 1 -1 1 1 1 1 1 -1 -1 1 1 -1 -1 -1 -1 1 1 -1 1 -1 1 1 1 -1 1 -1 1 1 -1 1 1 -1 1 -1 -1 -1 -1 1 -1 -1 1 -1 -1 -1 1 1 -1 1 1 1 1 -1 -1 1 1 -1 -1 -1 1 1 -1 1
-1 1 -1 1 1 1 -1 -1 -1 -1 1 -1 -1 -1 -1 1 -1 1 -1 1 -1 1 1 1 -1 -1 -1 -1 1 -1 1 -1 -1 1 1 1 1 1 1 1 1 1 -1 1 -1 -1 1 -1 -1 1 -1 -1 -1 -1 -1 1 1 -1 1 -1 -1 1 1 -1
1 1 1 -1 -1 -1 1 1 1 1 1 1 -1 1 1 1 1 1 1 1 -1 1 1 1 -1 1 -1 -1 1 1 -1 -1 1 -1 -1 1 -1 1 1 -1 -1 1 -1 -1 -1 1 -1 1 -1 -1 1 1 -1 -1 -1 -1 -1 -1 1 -1 -1 1 -1 1
1 -1 -1 1 1 1 1 1 1 -1 1 1 1 -1 1 1 1 -1 -1 -1 -1 -1 -1 -1 -1 -1 1 1 1 1 -1 1 1 -1 -1 -1 1 1 -1 1 -1 1 -1 -1 -1 1 1 1 1 1 -1 1 1 -1 1 -1 1 1 1 -1 1 1 1 1
1 1 1 -1 1 1 -1 -1 -1 1 1 -1 1 1 -1 -1 -1 1 -1 -1 -1 -1 -1 1 -1 1 -1 -1 1 1 -1 1 1 -1 1 -1 1 -1 1 -1 1 -1 -1 1 1 1 1 -1 1 -1 1 1 -1 1 1 -1 1 1 1 1 1 1 1 1
1 -1 -1 -1 -1 -1 -1 -1 -1 1 -1 1 -1 1 -1 -1 1 -1 -1 1 1 -1 -1 1 1 -1 1 1 -1 -1 1 -1 -1 -1 1 -1 -1 -1 1 1 -1 -1 -1 -1 1 1 1 1 1 1 1 -1 -1 -1 1 -1 1 1 -1 1 1 -1 -1 1
1 -1 1 -1 1 1 -1 1 -1 -1 -1 -1 1 -1 1 1 1 -1 1 1 -1 -1 1 -1 1 -1 1 -1 -1 1 1 1 1 1 1 -1 -1 -1 1 1 1 -1 -1 -1 -1 -1 -1 1 -1 1 -1 -1 1 1 -1 1 -1 -1 1 -1 -1 1 -1 -1
-1 1 -1 -1 -1 1 -1 1 1 -1 1 -1 -1 -1 -1 -1 1 -1 -1 1 1 1 -1 -1 -1 1 -1 -1 -1 1 -1 -1 -1 -1 -1 -1 1 -1 -1 1 1 -1 1 1 1 -1 1 1 -1 -1 -1 1 -1 1 -1 1 -1 1 1 1 -1 1 1 -1
-1 1 1 1 -1 -1 -1 -1 1 1 1 -1 -1 1 -1 1 1 1 -1 1 -1 -1 -1 1 1 -1 -1 1 -1 1 -1 1 1 -1 -1 -1 -1 1 1 1 1 -1 1 1 -1 -1 -1 -1 1 1 -1 1 1 -1 -1 -1 1 -1 -1 -1 1 -1 -1 -1
1 1 1 1 -1 -1 -1 -1 -1 1 1 -1 1 -1 1 -1 -1 -1 1 -1 -1 1 -1 1 1 1 1 1 1 1 1 1 1 -1 -1 -1 1 1 -1 1 1 1 1 -1 -1 1 1 -1 -1 1 1 1 1 1 1 -1 1 -1 -1 -1 -1 1 1 1
1 1 -1 -1 -1 -1 -1 1 -1 1 1 1 -1 -1 -1 1 -1 -1 1 1 1 -1 1 1 -1 1 -1 -1 1 1 1 -1 1 1 -1 1 -1 -1 -1 1 1 1 1 -1 -1 1 -1 1 1 -1 -1 1 -1 1 1 -1 1 -1 1 -1 1 -1 1 1
1 -1 -1 1 1 -1 -1 1 -1 1 1 1 -1 1 1 1 -1 -1 1 -1 1 1 1 1 -1 1 1 1 -1 1 -1 -1 1 1 -1 -1 -1 -1 -1 -1 -1 -1 1 1 -1 -1 -1 1 -1 -1 -1 1 -1 -1 -1 -1 -1 1 1 1 -1 1 -1 1
1 -1 -1 1 1 -1 -1 -1 1 1 -1 -1 1 -1 1 -1 1 -1 -1 1 -1 -1 1 -1 1 1 1 -1 1 1 -1 1 -1 1 1 -1 -1 -1 1 1 -1 1 -1 1 -1 -1 -1 -1 -1 -1 -1 -1 -1 1 1 1 1 -1 1 -1 -1 -1 -1 -1
-1 1 -1 -1 1 -1 -1 -1 1 -1 1 -1 -1 1 1 1 1 1 -1 -1 -1 1 -1 -1 -1 -1 1 1 1 -1 1 1 1 -1 1 1 -1 1 -1 -1 -1 -1 -1 1 1 -1 1 -1 -1 1 -1 1 -1 1 -1 1 -1 1 1 1 -1 -1 -1 -1
-1 -1 1 1 1 1 1 -1 -1 1 1 1 -1 -1 1 -1 -1 1 1 -1 -1 1 1 1 1 -1 -1 1 -1 -1 -1 -1 1 1 -1 1 1 -1 -1 1 1 -1 1 1 1 -1 1 1 1 1 -1 1 -1 -1 -1 -1 1 -1 -1 1 -1 -1 -1 -1
-1 1 -1 1 1 -1 1 -1 1 -1 -1 -1 1 -1 -1 1 -1 -1 1 1 1 -1 -1 -1 -1 1 -1 -1 -1 1 1 -1 1 1 1 -1 1 -1 -1 1 -1 1 1 1 -1 1 1 1 1 1 -1 1 1 1 -1 1 -1 1 1 1 -1 -1 -1 -1
1 -1 -1 1 -1 1 -1 1 1 1 1 1 1 -1 -1 1 1 -1 1 -1 1 -1 -1 -1 -1 1 -1 1 -1 1 1 -1 1 1 1 1 -1 -1 -1 1 -1 -1 1 1 1 -1 1 1 -1 1 1 1 -1 -1 -1 -1 1 -1 -1 1 -1 1 1 1
1 -1 -1 1 1 -1 1 1 -1 1 -1 -1 -1 -1 1 -1 1 1 1 -1 1 1 -1 1 1 1 1 1 1 1 1 -1 -1 -1 -1 1 1 1 -1 -1 1 -1 -1 1 -1 -1 1 1 1 1 1 -1 1 1 -1 1 -1 1 1 -1 -1 -1 -1 -1
1 1 -1 1 1 -1 1 1 1 -1 1 -1 -1 1 1 -1 1 1 -1 -1 -1 -1 -1 -1 -1 1 -1 1 -1 -1 -1 -1 -1 -1 1 -1 1 1 -1 -1 -1 -1 1 -1 1 1 1 -1 1 -1 1 -1 1 1 -1 1 1 -1 -1 1 1 -1 1 -1
1 -1 1 1 -1 1 -1 -1 1 -1 -1 1 -1 1 1 1 1 -1 -1 1 -1 -1 -1 1 -1 -1 -1 1 -1 1 -1 -1 1 1 1 -1 1 -1 -1 -1 1 1 1 1 1 -1 -1 -1 1 1 1 1 -1 1 -1 -1 1 1 -1 -1 -1 1 -1 -1
1 1 -1 1 -1 1 -1 -1 -1 -1 1 -1 -1 1 1 -1 -1 1 1 -1 1 -1 1 -1 -1 -1 -1 1 -1 1 -1 -1 1 -1 -1 -1 -1 -1 1 1 -1 -1 -1 -1 1 -1 1 -1 -1 -1 1 -1 -1 -1 1 -1 1 1 -1 -1 1 -1 -1 -1
-1 1 1 -1 -1 -1 -1 1 1 -1 -1 1 1 1 1 1 1 1 1 -1 -1 1 -1 1 -1 1 -1 -1 1 1 1 -1 1 1 -1 1 -1 1 1 1 -1 -1 -1 1 -1 1 1 -1 -1 1 -1 -1 1 1 -1 1 1 1 -1 -1 1 -1 -1 1
-1 1 1 1 -1 -1 1 1 1 1 -1 -1 1 1 -1 1 1 1 -1 1 1 1 1 1 1 1 1 1 -1 -1 -1 -1 1 -1 -1 1 1 1 1 -1 -1 1 1 -1 -1 1 1 1 1 -1 -1 1 1 1 -1 1 1 -1 1 -1 1 -1 -1 -1
-1 -1 1 -1 1 1 1 -1 -1 -1 1 1 -1 1 -1 1 -1 1 -1 1 1 1 -1 -1 1 1 1 -1 -1 1 -1 -1 -1 -1 1 -1 -1 1 1 -1 -1 1 -1 -1 -1 -1 -1 1 1 1 -1 1 1 -1 1 1 1 1 1 1 -1 1 1 1
1 -1 1 -1 -1 -1 1 1 -1 1 1 1 1 1 -1 1 -1 1 -1 -1 -1 -1 1 -1 1 -1 1 -1 1 1 1 -1 1 1 -1 1 -1 -1 -1 -1 1 1 1 -1 1 -1 -1 1 -1 -1 1 -1 -1 -1 -1 1 1 -1 -1 1 1 1 -1 1
1 1 -1 1 1 -1 1 1 -1 1 -1 1 -1 1 -1 -1 -1 -1 -1 -1 1 -1 -1 -1 -1 1 1 -1 -1 -1 -1 -1 -1 -1 1 -1 -1 1 1 1 -1 1 1 -1 -1 1 1 1 1 -1 -1 -1 -1 -1 -1 -1 -1 1 1 1 -1 1 -1 1
1 1 1 -1 -1 1 1 1 -1 -1 -1 -1 -1 1 1 1 1 1 1 1 -1 -1 1 1 1 1 1 -1 1 1 -1 -1 1 -1 1 -1 1 -1 1 -1 -1 1 1 -1 1 -1 -1 -1 1 1 -1 -1 -1 1 1 -1 1 -1 -1 1 -1 -1 -1 1
1 1 1 1 1 1 -1 -1 1 1 -1 -1 1 -1 -1 1 1 -1 1 1 1 1 1 1 1 1 1 1 -1 1 1 -1 1 1 -1 1 -1 1 1 -1 1 1 -1 1 1 1 1 1 1 -1 -1 -1 1 1 1 -1 -1 -1 1 -1 -1 1 1 -1
-1 -1 1 -1 1 1 1 1 1 -1 -1 1 -1 -1 -1 -1 -1 -1 -1 1 1 1 1 1 -1 -1 1 1 1 -1 1 -1 1 1 -1 1 1 -1 -1 1 -1 -1 1 -1 -1 -1 -1 1 1 -1 1 1 -1 -1 1 1 1 1 -1 1 1 1 -1 1
1 1 1 1 -1 1 -1 1 1 1 1 1 1 -1 1 1 -1 1 -1 1 1 -1 1 -1 -1 1 1 -1 -1 -1 1 1 -1 1 -1 1 -1 1 1 -1 -1 1 -1 1 1 -1 -1 -1 -1 -1 1 1 -1 -1 -1 -1 -1 -1 -1 -1 1 1 -1 1
1 1 -1 1 1 -1 1 1 1 1 -1 1 1 1 -1 1 1 1 -1 -1 -1 -1 1 -1 -1 1 1 1 1 -1 1 -1 1 1 1 -1 1 -1 -1 -1 1 -1 -1 -1 1 -1 -1 1 -1 -1 1 1 -1 1 -1 1 -1 1 1 -1 -1 -1 1 -1
-1 -1 1 -1 1 -1 1 1 1 -1 1 1 1 -1 1 -1 -1 -1 1 1 -1 1 1 1 -1 -1 1 1 1 1 1 1 -1 1 -1 1 1 1 -1 1 -1 1 -1 -1 -1 -1 1 1 1 1 -1 -1 1 1 1 -1 1 -1 -1 -1 -1 -1 -1 -1
-1 -1 -1 -1 1 1 -1 -1 -1 1 -1 1 -1 -1 1 -1 -1 -1 1 -1 -1 -1 1 -1 -1 1 -1 -1 -1 1 -1 1 -1 -1 1 -1 -1 1 -1 -1 1 -1 1 1 1 1 -1 -1 -1 -1 1 1 -1 1 1 -1 -1 1 1 1 -1 -1 -1 -1
1 -1 -1 -1 -1 -1 -1 -1 1 1 1 -1 1 -1 1 -1 1 1 -1 1 1 -1 1 1 -1 1 1 -1 -1 1 1 1 1 -1 -1 -1 1 1 1 1 1 -1 -1 -1 1 1 1 -1 1 1 1 -1 1 -1 -1 -1 -1 1 1 -1 1 -1 -1 -1
-1 -1 -1 1 1 -1 -1 1 -1 1 -1 -1 -1 -1 -1 -1 -1 1 -1 1 -1 -1 1 1 -1 -1 -1 -1 1 1 -1 1 1 -1 -1 1 1 1 -1 -1 -1 -1 1 -1 -1 -1 -1 1 -1 1 1 1 1 -1 1 -1 1 1 -1 -1 -1 -1 -1 1
1 1 -1 -1 1 1 -1 1 1 1 -1 1 -1 1 1 -1 1 1 1 1 -1 1 1 -1 1 1 1 1 1 1 -1 -1 -1 1 1 1 1 -1 1 1 1 1 -1 -1 -1 -1 1 1 -1 1 -1 -1 -1 1 1 1 1 -1 -1 -1 -1 1 1 1
-1 -1 1 1 -1 1 -1 -1 -1 -1 -1 -1 1 1 -1 -1 1 -1 1 -1 -1 1 -1 -1 -1 1 -1 1 -1 1 -1 1 -1 1 1 1 -1 -1 -1 -1 -1 -1 1 -1 1 -1 -1 1 -1 -1 -1 1 -1 1 1 1 1 -1 1 -1 1 1 -1 1
-1 1 -1 1 -1 -1 1 1 1 1 1 1 -1 -1 -1 -1 -1 1 1 1 -1 -1 -1 1 -1 1 1 1 1 -1 -1 -1 1 -1 1 -1 -1 1 -1 1 1 -1 -1 -1 1 1 -1 1 1 1 1 -1 1 -1 1 -1 -1 -1 1 1 -1 -1 1 -1
1 1 -1 -1 1 1 -1 1 -1 1 -1 1 1 1 1 1 1 -1 1 1 1 1 -1 1 -1 1 -1 -1 -1 -1 1 1 1 1 -1 1 1 -1 -1 -1 1 1 1 -1 1 1 1 1 -1 1 -1 1 -1 1 -1 1 -1 1 1 1 1 -1 -1 -1

----------------------------------------------------------------

Número de pasos para llegar al equilibrio:
55

----------------------------------------------------------------

Tiempo necesario para llegar al equilibrio:
4.230063199996948 segundos

----------------------------------------------------------------

Tiempo de animación:
1.9002368450164795 segundos

----------------------------------------------------------------
