----------------------------------------------------------------

Información sobre la simulación:

----------------------------------------------------------------

Tamaño de la red:
16x16

----------------------------------------------------------------

Configuración inicial:
1 1 1 1 1 1 1 1 1 1 1 1 1 1 1 1
1 1 1 1 1 1 1 1 1 1 1 1 1 1 1 1
1 1 1 1 1 1 1 1 1 1 1 1 1 1 1 1
1 1 1 1 1 1 1 1 1 1 1 1 1 1 1 1
1 1 1 1 1 1 1 1 1 1 1 1 1 1 1 1
1 1 1 1 1 1 1 1 1 1 1 1 1 1 1 1
1 1 1 1 1 1 1 1 1 1 1 1 1 1 1 1
1 1 1 1 1 1 1 1 1 1 1 1 1 1 1 1
1 1 1 1 1 1 1 1 1 1 1 1 1 1 1 1
1 1 1 1 1 1 1 1 1 1 1 1 1 1 1 1
1 1 1 1 1 1 1 1 1 1 1 1 1 1 1 1
1 1 1 1 1 1 1 1 1 1 1 1 1 1 1 1
1 1 1 1 1 1 1 1 1 1 1 1 1 1 1 1
1 1 1 1 1 1 1 1 1 1 1 1 1 1 1 1
1 1 1 1 1 1 1 1 1 1 1 1 1 1 1 1
1 1 1 1 1 1 1 1 1 1 1 1 1 1 1 1

----------------------------------------------------------------

Temperatura:
3.5

----------------------------------------------------------------

Magnetización promedio:
0.0004853607177734375

----------------------------------------------------------------

Energia media:
-5.2757875

----------------------------------------------------------------

Calor especifico:
0.8747632198214319

----------------------------------------------------------------

Funcion de correlacion para i = 1:
0.3302328125

----------------------------------------------------------------

Funcion de correlacion para i = 3:
0.0508125

----------------------------------------------------------------

Tiempo empleado:
00 horas 36 minutos 50 segundos s

----------------------------------------------------------------
