----------------------------------------------------------------

Información sobre la simulación a varias temperaturas:

----------------------------------------------------------------

Tamaño de la red:
16x16

----------------------------------------------------------------

Configuración inicial:
1 1 1 1 1 1 1 1 1 1 1 1 1 1 1 1
1 1 1 1 1 1 1 1 1 1 1 1 1 1 1 1
1 1 1 1 1 1 1 1 1 1 1 1 1 1 1 1
1 1 1 1 1 1 1 1 1 1 1 1 1 1 1 1
1 1 1 1 1 1 1 1 1 1 1 1 1 1 1 1
1 1 1 1 1 1 1 1 1 1 1 1 1 1 1 1
1 1 1 1 1 1 1 1 1 1 1 1 1 1 1 1
1 1 1 1 1 1 1 1 1 1 1 1 1 1 1 1
1 1 1 1 1 1 1 1 1 1 1 1 1 1 1 1
1 1 1 1 1 1 1 1 1 1 1 1 1 1 1 1
1 1 1 1 1 1 1 1 1 1 1 1 1 1 1 1
1 1 1 1 1 1 1 1 1 1 1 1 1 1 1 1
1 1 1 1 1 1 1 1 1 1 1 1 1 1 1 1
1 1 1 1 1 1 1 1 1 1 1 1 1 1 1 1
1 1 1 1 1 1 1 1 1 1 1 1 1 1 1 1
1 1 1 1 1 1 1 1 1 1 1 1 1 1 1 1

----------------------------------------------------------------

Temperaturas utilizadas:
1.500000
1.722222
1.944444
2.166667
2.388889
2.611111
2.833333
3.055556
3.277778
3.500000

----------------------------------------------------------------

Energias calculadas:
-15.610938
-15.131250
-14.254675
-12.761450
-10.184188
-8.241412
-7.151338
-6.362825
-5.775075
-5.270675

----------------------------------------------------------------

Calores especificos calculadas:
0.295110
0.618674
1.233739
2.485835
3.458860
2.048979
1.450366
1.174735
0.982162
0.873958

----------------------------------------------------------------

Funciones de correlacion para i = 1:
0.975709
0.945795
0.890936
0.797811
0.636652
0.514984
0.446983
0.397320
0.361230
0.329372

----------------------------------------------------------------

Funciones de correlacion para i = 3:
0.973427
0.937003
0.862223
0.713383
0.415431
0.216445
0.134825
0.092131
0.067005
0.050059

----------------------------------------------------------------

Tiempo necesario para los calculos:
07 horas 11 minutos 02 segundos

----------------------------------------------------------------

Tiempo necesario para las gráficas:
00 horas 00 minutos 01 segundos

----------------------------------------------------------------

Tiempo total empleado:
07 horas 11 minutos 03 segundos

----------------------------------------------------------------
